0,1
-3.409912498061583,7.190151669125952
-3.4099143948916804,7.190153170174892
-3.40991623680973,7.190154628209788
-3.4099180795925106,7.190156087363017
-3.4099199791224155,7.190157591903533
-3.4099218236631543,7.190159053329774
-3.4099236690708796,7.190160515876769
-3.409925571307631,7.190162023916427
-3.4099274184778907,7.190163488741352
-3.409929266517395,7.1901649546894575
-3.40993117146804,7.190166466235826
-3.409933021274672,7.190167934466787
-3.409934871952811,7.190169403823358
-3.4099367796244184,7.190170918884018
-3.409938632074283,7.190172390528373
-3.4099404853979247,7.190173863300766
-3.409942395797578,7.1901753818833045
-3.4099442508975586,7.190176856948428
-3.40994610687359,7.19017833314402
-3.4099480200083825,7.190179855256036
-3.40994987776537,7.190181333749299
-3.4099517364006857,7.190182813375468
-3.4099536522777343,7.190184339024569
-3.4099555126986396,7.190185820953364
-3.4099573740001583,7.190187304017505
-3.4099592926265934,7.190188833211313
-3.4099611557183436,7.190190318583032
-3.409963019692993,7.190191805092544
-3.4099649410759607,7.190193337838681
-3.409966806845495,7.190194826660735
-3.4099686735002246,7.1901963166230285
-3.409970597646888,7.19019785292914
-3.409972466101167,7.1901993452089465
-3.4099743354429393,7.190200838631441
-3.409976262360478,7.190202378505169
-3.409978133506469,7.1902038742501535
-3.4099800055422618,7.19020537114028
-3.4099819352378677,7.190206914589289
-3.4099838090825667,7.1902084138068885
-3.4099856838193756,7.190209914172089
-3.409987616300267,7.190211461204044
-3.4099894928506753,7.19021296390171
-3.4099913702955105,7.190214467749434
-3.409993305568913,7.190216018372018
-3.409995184832056,7.190217524557204
-3.409997064991945,7.190219031894911
-3.4099990030651033,7.190220586115814
-3.4100008850480177,7.190222095795989
-3.410002767930003,7.190223606631153
-3.41000470881018,7.190225164458075
-3.4100065935199178,7.190226677640717
-3.410008479131058,7.190228191980814
-3.4100104228255343,7.190229753421466
-3.4100123102691673,7.190231270114058
-3.410014198616539,7.190232787966581
-3.410016145132608,7.190234353028685
-3.410018035317222,7.190235873238728
-3.4100199264079154,7.190237394611177
-3.4100218757528893,7.190238963302461
-3.410023768685584,7.190240487037461
-3.410025662526706,7.190242011937345
-3.4100276147079107,7.190243584265551
-3.410029510395807,7.190245111533026
-3.410031406994483,7.190246639967865
-3.4100333620192655,7.190248215940742
-3.410035260469493,7.190249746748213
-3.4100371598328585,7.1902512787255395
-3.410039117708577,7.190252858350851
-3.410041018928289,7.190254392705858
-3.410042921063504,7.190255928233211
-3.410044881797542,7.190257511518731
-3.4100467857939085,7.190259049428819
-3.410048690708143,7.190260588513741
-3.410050654307891,7.1902621754672476
-3.4100525610880887,7.190263716939976
-3.4100544687885317,7.190265259590029
-3.4100564352614007,7.1902668502193094
-3.41005834483263,7.190268395262236
-3.4100602553264805,7.190269941484991
-3.4100622246798995,7.190271535797848
-3.4100641370493725,7.190273084418549
-3.410066050343853,7.190274634221577
-3.410068022585265,7.190276232225822
-3.410069937760214,7.190277784431881
-3.410071853862561,7.190279337822773
-3.4100738289994283,7.190280939526223
-3.4100757469871006,7.190282495325231
-3.4100776659045655,7.190284052311582
-3.4100796439443632,7.190285657722068
-3.410081564752023,7.1902872171216305
-3.4100834864918736,7.190288777711045
-3.410085467442096,7.1902903868364065
-3.4100873910770195,7.1902919498441324
-3.4100893156465406,7.190293514044224
-3.410091299514701,7.190295126892309
-3.4100932259841867,7.190296693515822
-3.410095153390682,7.190298261334215
-3.410097140184305,7.1902998779128815
-3.4100990694956583,7.190301448159805
-3.4101009997464353,7.190303019604132
-3.410102989473062,7.190304639921246
-3.4101049216336157,7.190306213799223
-3.4101068547360107,7.190307788877128
-3.4101088474032006,7.190309412940561
-3.41011078242029,7.19031099045724
-3.4101127183816504,7.190312569176368
-3.4101147139969816,7.190314196994013
-3.4101166518779693,7.190315778157045
-3.4101185907056584,7.190317360525056
-3.410120589276722,7.190318992104801
-3.410122530028981,7.190320576921857
-3.410124471730382,7.1903221629464245
-3.4101264732647896,7.190323798296175
-3.410128416895711,7.1903253867749255
-3.410130361478216,7.190326976463719
-3.410132365983589,7.190328615591388
-3.41013431250058,7.190330207739512
-3.4101362599715994,7.190331801100225
-3.410138267455585,7.190333444013732
-3.410140216866066,7.190335039838928
-3.4101421672330305,7.190336636879244
-3.4101441777032795,7.19033828358652
-3.410146130014689,7.190339883096485
-3.410148083285042,7.190341483824114
-3.4101500967492346,7.190343134333102
-3.4101520519690305,7.1903447375355425
-3.4101540081502306,7.1903463419581914
-3.410156024616053,7.19034799627683
-3.410157982751699,7.19034960317946
-3.4101599418512176,7.190351211304847
-3.41016196132638,7.190352869441096
-3.410163922385365,7.190354480051642
-3.4101658844106977,7.190356091887498
-3.4101679069029216,7.190357753849323
-3.410169870892747,7.190359368175518
-3.4101718358513993,7.190360983729577
-3.410173861368426,7.190362649524948
-3.4101758282966075,7.190364267574534
-3.4101777961960993,7.190365886854538
-3.4101798247456845,7.190367556491436
-3.410181794619756,7.190369178272162
-3.410183765467628,7.190370801285865
-3.410185797057543,7.190372474772285
-3.4101877698850553,7.190374100291907
-3.41018974368886,7.190375727047066
-3.4101917783268925,7.190377404390998
-3.4101937541154066,7.19037903365728
-3.4101957308827133,7.190380664161665
-3.410197768576665,7.190382345371116
-3.4101997473337584,7.190383978391831
-3.410201727072151,7.190385612653214
-3.4102037678298447,7.190387297736202
-3.410205749563119,7.19038893451913
-3.4102077322802007,7.190390572545297
-3.4102097761094763,7.190392261509842
-3.410211760826541,7.190393902062772
-3.410213746529928,7.190395543861513
-3.410215793438634,7.190397236715639
-3.4102177811471153,7.190398881046367
-3.4102197698444403,7.190400526625481
-3.410221819840447,7.190402223377229
-3.4102238105479876,7.1904038714935545
-3.410225802246896,7.190405520860844
-3.4102278553380896,7.1904072215182575
-3.4102298490523486,7.190408873427999
-3.410231843760507,7.190410526591275
-3.410233899954783,7.190412231162406
-3.410235896683432,7.190413886873372
-3.4102378944085157,7.190415543840459
-3.4102399537137935,7.190417252333366
-3.4102419534645207,7.190418911853382
-3.410243954214223,7.190420572632106
-3.410246016638436,7.190422285054859
-3.4102480194189466,7.190423948391761
-3.410250023200981,7.190425612989956
-3.4102520887520744,7.190427329350624
-3.410254094570089,7.19042899651225
-3.4102561013921773,7.1904306649377565
-3.4102581700781185,7.190432385244425
-3.410260178941372,7.190434056238619
-3.4102621888112536,7.190435728499287
-3.410264260640023,7.190437452760041
-3.410266272556268,7.190439127594659
-3.4102682854817026,7.190440803698341
-3.410270360461298,7.190442531921278
-3.4102723754382964,7.190444210604175
-3.410274391427052,7.190445890558733
-3.41027646956548,7.190447622751956
-3.4102784876110146,7.190449305291002
-3.410280506670877,7.190450989104304
-3.41028258797617,7.190452725275921
-3.410284609098037,7.1904544116789895
-3.4102866312368114,7.190456099358912
-3.4102887157170096,7.190457839517037
-3.410290739923023,7.190459529792006
-3.4102927651485246,7.19046122134643
-3.410294852811686,7.1904629654991865
-3.410296880109671,7.190464659653936
-3.410298908429726,7.190466355090748
-3.410300999283928,7.190468103246263
-3.4103030296817245,7.190469801288688
-3.4103050611041827,7.190471500615779
-3.41030715515751,7.190473252782188
-3.4103091886629784,7.1904749547201865
-3.4103112231957033,7.19047665794546
-3.410313320456266,7.190478414130907
-3.4103153570772737,7.190480119972381
-3.410317394728141,7.19048182710374
-3.4103194952040554,7.190483587316369
-3.4103215349484945,7.1904852970692295
-3.4103235757253962,7.190487008114586
-3.4103256794248007,7.190488772362549
-3.4103277223005706,7.190490486034715
-3.4103297662114134,7.1904922010019865
-3.4103318731424617,7.190493969293445
-3.4103339191574777,7.190495686892832
-3.410335966210185,7.190497405789942
-3.410338076381041,7.190499178133059
-3.4103401255432373,7.190500899667598
-3.410342175745747,7.190502622502472
-3.410344289164592,7.19050439890542
-3.4103463414819126,7.190506124383037
-3.410348394842172,7.190507851163615
-3.4103505115172097,7.190509631634572
-3.4103525669976174,7.1905113610632085
-3.4103546235235935,7.190513091797426
-3.4103567434630326,7.190514876344572
-3.410358802114502,7.190516609732168
-3.410360861814173,7.190518344427966
-3.410362985026237,7.1905201330594855
-3.4103650468567595,7.190521870413994
-3.4103671097381265,7.190523609079325
-3.410369236231064,7.190525401803409
-3.4103713012486443,7.190527143132779
-3.4103733673197145,7.190528885775598
-3.410375497101781,7.190530682600449
-3.4103775653144393,7.190532427912638
-3.4103796345832347,7.190534174540905
-3.410381767662702,7.190535975474721
-3.4103838390784724,7.190537724777693
-3.410385911553036,7.190539475399371
-3.4103880479381914,7.1905412804503595
-3.410390122565123,7.190543033752079
-3.410392198253505,7.190544788375137
-3.4103943379526527,7.190546597551514
-3.41039641579881,7.190548354859958
-3.410398494709083,7.1905501134923675
-3.4104006377305387,7.190551926802342
-3.4104027188039954,7.190553688125481
-3.410404800944238,7.1905554507752205
-3.410406947296334,7.1905572682270185
-3.410409031605184,7.190559033572836
-3.4104111169834903,7.190560800247888
-3.4104132666745737,7.1905626218497325
-3.4104153542269215,7.190564391226208
-3.410417442851405,7.190566161934558
-3.4104195958898385,7.190567987694679
-3.410421686693805,7.190569761109805
-3.4104237785725897,7.190571535859442
-3.4104259349667445,7.190573365786069
-3.410428029030463,7.190575143247843
-3.4104301241716897,7.190576922046758
-3.41043228392996,7.190578756148134
-3.4104343812615787,7.190580537664542
-3.410436479673395,7.190582320520736
-3.410438642804183,7.1905841588050965
-3.4104407434118653,7.190585944384143
-3.4104428451024416,7.190587731305617
-3.410445011614166,7.19058957378121
-3.4104471155060865,7.190591363430899
-3.410449220483602,7.190593154425655
-3.4104513903846976,7.190595001100726
-3.4104534975690473,7.190596794829064
-3.410455605841697,7.190598589905112
-3.4104577791406094,7.190600440787918
-3.4104598896255904,7.19060223860291
-3.410462001201581,7.1906040377682565
-3.410464177906774,7.190605892867043
-3.410466291700601,7.190607694776706
-3.410468406588156,7.190609498039369
-3.4104705867081004,7.190611357362399
-3.4104727038190075,7.190613163374749
-3.4104748220263597,7.190614970742745
-3.410477005569549,7.190616834298278
-3.4104791260057787,7.19061864442133
-3.410481247541178,7.190620455902676
-3.410483434516114,7.190622323698974
-3.410485558285925,7.190624137940751
-3.4104876831576316,7.190625953543469
-3.410489873572831,7.190627825588801
-3.4104920006844943,7.190629643957327
-3.410494128900785,7.190631463689441
-3.410496322764779,7.190633339992072
-3.410498453226578,7.190635162495374
-3.41050058479574,7.190636986364911
-3.410502782117072,7.1906388669331145
-3.4105049159373055,7.190640693579218
-3.410507050867644,7.1906425215942065
-3.410509251654872,7.190644406436254
-3.410511388841848,7.1906462372331905
-3.4105135271416755,7.190648069401662
-3.4105157314033736,7.190649958525825
-3.4105178719654177,7.190651793481628
-3.410301607003265,7.190341910983281
-3.409623360053391,7.189381683784264
-3.4085068715044304,7.187818037574076
-3.40692003201021,7.1856265851418994
-3.4047769332485514,7.182716185422357
-3.4022014325145866,7.179280829587997
-3.3991591155217145,7.175291820038945
-3.3955935282322836,7.170686348280076
-3.3918036249395622,7.165845453237607
-3.387807870835632,7.160769283681636
-3.383608579908589,7.155423516917425
-3.379490815748149,7.150141920277312
-3.3754180150755464,7.144911200801547
-3.3712034787562626,7.139462535955899
-3.367073476391608,7.134069162892775
-3.362838881770393,7.128438938138982
-3.3584855648023133,7.122504163810227
-3.354381527511681,7.116737277231898
-3.3504114461581223,7.110897427715641
-3.3464568408181687,7.104783294540171
-3.3427522130878775,7.09875719927311
-3.33914678554928,7.092609269601676
-3.3355304666954115,7.086211402857799
-3.3321373779604118,7.079966695127695
-3.32887229062473,7.073704645395169
-3.3256040491592422,7.067171537984426
-3.3226223602559415,7.060947281484926
-3.3197671810564984,7.054778357052653
-3.3169773283241937,7.0484981537288105
-3.314320494348268,7.04222962379369
-3.311664681780111,7.035670499726391
-3.309024776537982,7.028836012677064
-3.3065612296651143,7.0221495490350385
-3.304193990177609,7.015422597423101
-3.3018579229332095,7.008454591565352
-3.2996874578014705,7.0016560859168155
-3.297620769908846,6.9948760503393155
-3.2955744026096263,6.987850597736598
-3.293659502909066,6.980957914297258
-3.2918239516788153,6.974039006225802
-3.290015996230808,6.966884415024967
-3.2883318851639673,6.959902756642028
-3.2867057269992945,6.952899432963926
-3.2850984109174446,6.945670668923219
-3.283605095034296,6.93867772824816
-3.2821631352503977,6.931635994609859
-3.2807366267725944,6.924373915602384
-3.2794108235147434,6.9173166124236785
-3.278197597755723,6.910509549987431
-3.277041925150701,6.903562423824563
-3.2759462303836937,6.896648652766994
-3.2748600071286047,6.889563286968538
-3.273785608445652,6.8822253711341235
-3.272786805300105,6.875087229621385
-3.271830416511303,6.867937133185264
-3.270889445215754,6.860559043428045
-3.2700178832334887,6.853385665303145
-3.2691869183606657,6.846207773390197
-3.268375859537935,6.838807260684385
-3.2676329193315983,6.831641621781905
-3.2669323171115106,6.824475162932166
-3.2662547614896793,6.817096482923161
-3.2656385555031378,6.809954970191362
-3.26505184859264,6.802818430510945
-3.2644777996263032,6.795420766560332
-3.2639557242200383,6.788233855183993
-3.263465935862204,6.781035312661313
-3.262993523214548,6.773609827248009
-3.2625580811873682,6.76637548034445
-3.2621348796836216,6.7591315708420625
-3.261711464576371,6.751662138333671
-3.2613204372315523,6.744423382142194
-3.2609599652682215,6.737189636270698
-3.260624792037004,6.729731576738306
-3.2603291991468244,6.722516936539441
-3.2600702811151097,6.7153304869522925
-3.2598274992566565,6.70797527165154
-3.2596131690519763,6.7007950816201065
-3.259425310492783,6.693587777549618
-3.2592586901332155,6.6861558468387585
-3.2591220605393088,6.678933472218304
-3.2590091609837217,6.6717043939867855
-3.25891763845854,6.664249554950553
-3.258852826117388,6.657007687341862
-3.2588106143376603,6.649757385831217
-3.2587888625825197,6.642282399593864
-3.258788500399651,6.635025445746974
-3.2588073677759803,6.627764357935996
-3.2588474728416443,6.6202849766881355
-3.2589008736840435,6.613047932471909
-3.258960139625121,6.605810826557882
-3.259019928147013,6.598351481976785
-3.2590772445067975,6.591110018459936
-3.25913272616123,6.583860976100536
-3.259187012031331,6.576385595208985
-3.259246172116822,6.569411918034189
-3.2593268143285434,6.562598078676447
-3.2594071564715823,6.555549916114126
-3.259485013389874,6.5483868225938995
-3.259560714306562,6.541103478831866
-3.2596348095365277,6.5335973894707315
-3.2597020169714837,6.526314285184301
-3.259761548108321,6.519046093968841
-3.259823188247931,6.511611246891582
-3.2598886552733326,6.504385098436467
-3.2599500844924294,6.497141053553953
-3.260007309692286,6.489678041876057
-3.2600582945822643,6.482427169312301
-3.260103995142507,6.475170218980561
-3.260145277321486,6.467686774479647
-3.2601715210756526,6.460394373609454
-3.2601697631438604,6.453091560417827
-3.260138801041725,6.445561344924917
-3.2600800644047943,6.438247982247746
-3.2599888851528522,6.430921872844503
-3.2598540534699834,6.423379300006761
-3.259685930038461,6.416080566005078
-3.259489167649205,6.408902240857441
-3.259274928727571,6.401697282676915
-3.2590410882024687,6.394813411808809
-3.2587652477734292,6.387764967203321
-3.25842342053829,6.380248401399307
-3.258047833703794,6.372960491705509
-3.2576311988400914,6.365668597491635
-3.257160407246471,6.358152060418988
-3.2566656355057533,6.350859244047689
-3.2561363076310252,6.343563894943208
-3.255554646908029,6.336045707126128
-3.2549457416748284,6.328732144012334
-3.254282562739295,6.321419801973773
-3.2535415725817782,6.313899036529972
-3.252787868623494,6.306821317961153
-3.2520004630615205,6.299977964828241
-3.2511403369209515,6.2929515563110225
-3.2502558708788882,6.286209144233391
-3.2493115644302613,6.279429131847237
-3.248268463376451,6.2723049046417705
-3.2472477360168894,6.26558564612619
-3.2461529842032872,6.258772370214489
-3.244892886618056,6.251387457950272
-3.24359941351382,6.244155020152384
-3.2422368891812505,6.236927740339857
-3.240765740100456,6.229496291651921
-3.2392754307269764,6.22229226339886
-3.237727136827773,6.2151255304786375
-3.2360780538469154,6.207762242318061
-3.234425666886264,6.200633548128696
-3.23272471347006,6.193517745108891
-3.2309241092664145,6.186201932054593
-3.2291329044440213,6.179155885731069
-3.227261447420064,6.172077531972953
-3.2252266372493135,6.164770424352643
-3.223171424987333,6.157722324839886
-3.2210415703967503,6.150684320276687
-3.218772085892257,6.143454094859278
-3.216509333094537,6.136474625517424
-3.214193253265423,6.129514429380196
-3.211755467927217,6.122398022499173
-3.209326782612297,6.115510893236262
-3.206803236436966,6.108600474652548
-3.204118888747574,6.101508197244745
-3.20144090353087,6.09466158351769
-3.1986932971916064,6.087838516359538
-3.195790496407954,6.080836977226082
-3.192984250235706,6.074244308587052
-3.1901834769602653,6.067837370906715
-3.1872711442333483,6.061348200288426
-3.184310871363698,6.054938843653078
-3.1812011109510143,6.0483979355586435
-3.177903574326676,6.041611675696122
-3.1746606222084863,6.035079752845096
-3.171360881580699,6.028555784739799
-3.1679090984920535,6.021856610663144
-3.1644990921576626,6.015368640148386
-3.161029348904847,6.008904874455834
-3.157392458909778,6.002271696969941
-3.1538126776513074,5.995869418254378
-3.1501835431407987,5.989489002034986
-3.1463936262037313,5.9829409705873715
-3.14266742434122,5.976615139765331
-3.1389234100048498,5.970356025197148
-3.1350471690439217,5.963980694173014
-3.1312442542592853,5.9578113423524615
-3.1274202043639554,5.951710497102601
-3.1233747963597196,5.945377474629502
-3.1193714546509033,5.9392386684192395
-3.115305328610835,5.933134615847987
-3.1110506054479696,5.92688229660087
-3.1068575677340626,5.920849925649462
-3.1026045188365696,5.914855488674158
-3.098159743655838,5.908716956674119
-3.0937849337465866,5.902796373061178
-3.089374219632367,5.896930611806498
-3.084796134945725,5.890919687134219
-3.0803260920840887,5.885123444976889
-3.075839701391154,5.879368285743198
-3.0712246282160374,5.873505471422141
-3.06669042669642,5.86782651711682
-3.0620834450411216,5.862150827518678
-3.057285573374485,5.85633880652265
-3.052579012649113,5.850732103221645
-3.047841606004718,5.845171497616501
-3.04292140855766,5.839465995111226
-3.038090535553352,5.833943022747059
-3.033206782752521,5.82845459112491
-3.0281230861553836,5.822839761190529
-3.0233922401964537,5.817706867601508
-3.0187177509476455,5.8127456522571235
-3.0137917999952126,5.807602108101867
-3.0090550921199077,5.802744120743731
-3.0041838993828027,5.797854971264342
-2.998959900117769,5.7927274916669385
-2.9938271607715885,5.787809715821818
-2.9887255737802416,5.783031033469427
-2.983356842644459,5.7780942280609136
-2.9779808389037266,5.773223627311824
-2.972544290240763,5.76834858256394
-2.96691206838979,5.763351689271755
-2.961408081089476,5.7585240366615436
-2.9558715635973836,5.753727849349848
-2.9501384214621598,5.7488231314980025
-2.9445545274589255,5.744098924143957
-2.9391358635810474,5.739579464637626
-2.9336733573044524,5.735116606233222
-2.928352651436583,5.7308363678711745
-2.9228875836811916,5.726531298982475
-2.917090533707654,5.722044609272604
-2.911433955160092,5.717722042687161
-2.9057620381924454,5.713444534365153
-2.89983351810965,5.70903081286745
-2.8939710729759622,5.704710771447687
-2.8880826212155712,5.700405306686452
-2.881994743302799,5.695990706244719
-2.876068948935226,5.691728617065848
-2.8701310809081133,5.687490969657219
-2.8640159363242153,5.683154151297214
-2.8580984883781193,5.678990303955743
-2.852131538815285,5.674821346205029
-2.845961027989907,5.6705441944605965
-2.8399872819453944,5.666423738229326
-2.8340129599074024,5.662301369029282
-2.827859000826048,5.658052551598261
-2.8219021107702567,5.653937345445478
-2.815916774674138,5.6498168634997565
-2.8097293277570006,5.645581420295804
-2.803916751507235,5.641627624029149
-2.7982485541041213,5.637811209376399
-2.7923800294336503,5.633885214407115
-2.7867841282915014,5.630178409598671
-2.7810598819408936,5.626451782532687
-2.774937784453782,5.622500001819695
-2.768860011709912,5.618586560022298
-2.762757865100616,5.614661130164928
-2.7564651270305953,5.610616822918617
-2.750351648910894,5.606691647206792
-2.7443133768114705,5.602823640677734
-2.738416208856608,5.5990744466184745
-2.732610076847608,5.595408704923883
-2.7267248212928297,5.591753426973262
-2.7205620108733273,5.587984793951082
-2.7146680173778766,5.584420620455664
-2.708823026671773,5.580902306499961
-2.702797487282412,5.577288829731266
-2.6968250254495225,5.573709162659045
-2.6908123405643942,5.570083819769986
-2.6845434648081716,5.56627962333294
-2.678748288942417,5.562753914449725
-2.6730468403766876,5.559292733857895
-2.667054646276603,5.5556495860559885
-2.661211168642877,5.552100842248264
-2.6551770486755535,5.548463224016047
-2.648811452287043,5.544645202631859
-2.642679045739277,5.54097020126254
-2.6365468719437573,5.53729467056306
-2.630158446933442,5.533460502575586
-2.6242376456527485,5.529895381753554
-2.6184489445024686,5.526402473924697
-2.612454403990343,5.522770981179679
-2.6065926133082153,5.519194776624085
-2.6007232978350023,5.515581572500466
-2.5945729302297362,5.511764840032741
-2.5884470768207732,5.507945514097649
-2.5823183216459342,5.504102689851181
-2.576009668483528,5.500125041725106
-2.56989290723452,5.49624728425973
-2.5640959691395366,5.492544096924747
-2.5582404112952997,5.488757557752861
-2.5523663849178764,5.484953875575915
-2.5463029926063596,5.481058967743379
-2.5399713169736424,5.477027325465569
-2.5338114495755333,5.47313080051595
-2.5276942620640814,5.469278045421025
-2.5214167737280855,5.465312472352435
-2.5155216159883045,5.461572391121527
-2.509761622133113,5.457912786601127
-2.503875929500178,5.454148670679088
-2.498172623092019,5.450474059608927
-2.492290182139259,5.4466597134864685
-2.4860093496866433,5.442584398509521
-2.480188691186541,5.438807064626022
-2.4745203107508,5.435085491913149
-2.468510689529728,5.431098032410376
-2.462577530748652,5.427153140344711
-2.4565657813205726,5.4231476707152915
-2.4503649841523827,5.418996150438242
-2.4443319338324065,5.41494854117969
-2.4382861749409708,5.410904914880593
-2.4320614816842583,5.40674882255523
-2.426053145922112,5.4027460620216
-2.4200091657302525,5.398709263098363
-2.4138766591900787,5.394560722674975
-2.40791578983606,5.390489310077951
-2.4019966938675097,5.386401143927782
-2.395927514504672,5.382143658129397
-2.390071143676802,5.3779692660834835
-2.3840835425069544,5.373651914072625
-2.377974532020968,5.3692466298831585
-2.3720709744175883,5.365003705527086
-2.3661779465288313,5.3607742746690255
-2.360126180902641,5.356417812049507
-2.354287131864947,5.352174776472182
-2.348483595333328,5.347900561690974
-2.3425491564816627,5.343464279204853
-2.337019564187552,5.339281400984382
-2.3315994804072755,5.335157522073169
-2.3260830186202774,5.330909364647832
-2.3205711076192035,5.326603797271672
-2.3149374886872156,5.3221394263930994
-2.3091805711954305,5.317499812841172
-2.3036476825838546,5.312976961482574
-2.2981040656208376,5.3083852599717
-2.2924137633930743,5.303618785133045
-2.2869368562250836,5.2989695653876145
-2.2814927666526392,5.29427108562061
-2.275919932056339,5.289380195737891
-2.2707849590094726,5.284802909494582
-2.2657673736895534,5.28026522036147
-2.2606378203263633,5.275551620678985
-2.2556389170112894,5.270868363417661
-2.250642138008143,5.266081168190263
-2.245467753202204,5.2610082865472485
-2.2403875096953576,5.255934375028549
-2.235312034179303,5.250820147995417
-2.230103616521898,5.245526706081981
-2.225067165804017,5.240367178708298
-2.220049936382785,5.235184809232876
-2.2148991745201534,5.2298191914843235
-2.2099178838420013,5.224585598237265
-2.2049801243233684,5.219341116018523
-2.1999327518048313,5.213896334733379
-2.1950898529987284,5.208612326597224
-2.1901869916498775,5.203274032634827
-2.1851228611451963,5.197756797404882
-2.1801783896787854,5.192345553651021
-2.1752794463451077,5.18693071632416
-2.1703878989355876,5.181428704168188
-2.16566898375039,5.176040003180721
-2.160967957581195,5.170604559487509
-2.1561572670889144,5.1649730996803855
-2.1515181724633146,5.159474321641686
-2.1469107272864485,5.153943915072191
-2.142196471287103,5.1482105606888355
-2.137652791607731,5.14261170280255
-2.13314258111181,5.136980668969473
-2.1285308219707133,5.131144042020966
-2.124278413054375,5.1256898681386724
-2.1201443924701895,5.12031096343863
-2.115919724196394,5.114744963200024
-2.1118598240263387,5.109331273314178
-2.1078668744962177,5.103925510614489
-2.103724746835245,5.098239574262048
-2.0995817769201337,5.09249123076126
-2.0953973941869593,5.086625211695773
-2.091109209480382,5.0805614725589345
-2.086968595536401,5.074653555353303
-2.0830524311625243,5.069007522162656
-2.079114261249552,5.063246661585014
-2.07515185032857,5.057396324268419
-2.0711482842558837,5.051399247397096
-2.067066133765178,5.045186717297482
-2.063319672671664,5.039388967103119
-2.059689587590745,5.033676665291036
-2.0559980065794043,5.027777546223396
-2.052472412178895,5.022067784674899
-2.0489547616342807,5.016311990324168
-2.045270518212158,5.010221201163694
-2.0416306416851144,5.004105340072122
-2.0379874713014368,4.99789819288213
-2.034261610293775,4.9914789813198714
-2.030921425874471,4.985661901787139
-2.02762693848954,4.979879256065798
-2.024187580469752,4.973788099464977
-2.02072920350658,4.967602329040348
-2.0172357388907063,4.9612782238867235
-2.013672482159447,4.9547413060172305
-2.0103951759515697,4.948635713523386
-2.007234882128076,4.942631773975319
-2.0040134820147406,4.936434187918651
-2.0009115737991494,4.930401182648276
-1.9977922502181205,4.924253198979357
-1.9945705488220302,4.91778893923899
-1.991463033465221,4.911423811482844
-1.9883538437695296,4.904949079945568
-1.9851778258397241,4.89824409124688
-1.9821285092149514,4.891715243761765
-1.9791142490190385,4.885168249217264
-1.9760457227756263,4.878399609826393
-1.9730995406498466,4.871804531190566
-1.9701856100363535,4.865193855946373
-1.9672228442529456,4.858372691343502
-1.9643934230837794,4.851781786345408
-1.9616082801200105,4.845211616882151
-1.9587522792390974,4.838363192525526
-1.9560249159672805,4.831698542319503
-1.953414514653151,4.825211828801151
-1.9507313479228545,4.8185310568741215
-1.948091544111965,4.811895770603676
-1.9454357472111732,4.805170345356629
-1.9427149019795402,4.798233758347409
-1.94009499908224,4.791498881912109
-1.937496498372084,4.7847507637672795
-1.9348419954356681,4.777785820988131
-1.9322891416574017,4.771017339866478
-1.9297781225788575,4.764279984904713
-1.9272252287765683,4.757367455270111
-1.9248740439023277,4.750933114905182
-1.922577971741096,4.74457656042421
-1.9202255535458237,4.7379870983831465
-1.9179164996762632,4.731443097338745
-1.9155935823268113,4.724783471081282
-1.913212039233391,4.717907223265346
-1.9108785775248471,4.711132521993456
-1.908520183860763,4.704274387718008
-1.9060903017475914,4.697206835806702
-1.9037311908568733,4.6903429860412915
-1.9013816555315852,4.683489514306445
-1.8989744497766703,4.676422512589527
-1.8966457342408172,4.669548425634503
-1.894328787853879,4.662721406050028
-1.891930042795232,4.655660919282006
-1.889609422737167,4.648809246865434
-1.8873038379436289,4.641945369979857
-1.8849468807601337,4.634867504223156
-1.8826892144324658,4.628033486596101
-1.8804288215458314,4.6211979907256655
-1.878084164324759,4.6141177989183975
-1.8759124838766668,4.6075909230403145
-1.8737847047194622,4.6012645569521
-1.8715431221807377,4.594605822765045
-1.869281473209225,4.5878880344705015
-1.8669647859990732,4.581009326893509
-1.8645867528499744,4.573924925349521
-1.8622922140120832,4.567087056190587
-1.8599805842398838,4.5602193266317705
-1.8575825753920305,4.55312448090098
-1.8553437530189443,4.546525125499809
-1.853144023379912,4.540051614107815
-1.8508710226862852,4.533385022555643
-1.8486152289652953,4.526757096084433
-1.8463616747419653,4.520081329553144
-1.8440126723729369,4.513084314107133
-1.8417077558429125,4.506207533913933
-1.8395084885214208,4.499642595999628
-1.837279790616751,4.492981540736745
-1.8350430206020425,4.48630974328837
-1.8327440591720547,4.479459462188391
-1.8303713462891575,4.472385346346743
-1.8280762065351408,4.4655611606228085
-1.8257519505733852,4.458676156494278
-1.8233433207168896,4.451580004957883
-1.8209940199984562,4.4446923025578915
-1.818698475740467,4.4379939155771195
-1.8164042116631192,4.431320636683476
-1.814181613374127,4.424886996773396
-1.8118896421411559,4.418245708565882
-1.8094752174766429,4.411219813370861
-1.8072149921648542,4.4046461569574475
-1.8050074911972798,4.398213577857297
-1.8027272236022125,4.391580092822491
-1.800620713592436,4.3854536188589
-1.7985653150572174,4.379446539703852
-1.7964552455799643,4.373302806179537
-1.7943305806498289,4.36717558415593
-1.7920818302548467,4.360836757744461
-1.7896571291371948,4.3541421377896095
-1.7872977902946996,4.347703793727235
-1.7849418019561891,4.341303893333752
-1.782503459784923,4.3347149806145255
-1.7800803206950793,4.328187301754705
-1.7776204588471463,4.321519528364119
-1.775043004066455,4.31451761566854
-1.7725388372970163,4.307710908245404
-1.77003464799679,4.300900024516213
-1.7674544359272903,4.293879281557878
-1.7649601668349395,4.28707557771007
-1.7624831628782258,4.2802762699002805
-1.7599513776060016,4.273315028063471
-1.7574874759902632,4.266528053716232
-1.755008731222711,4.259695712478723
-1.7524433050693533,4.2526543291355985
-1.749945606080395,4.245823659145412
-1.7474847588730362,4.239108363380517
-1.7450000871317717,4.232364171462373
-1.7426179649594675,4.225936351853558
-1.740168045131028,4.2193307861941545
-1.737581622599323,4.212328448655488
-1.7350684544009465,4.205516074048953
-1.732548929139688,4.1987001139427536
-1.7299479793187889,4.191678289415254
-1.7274222620581743,4.184867080106765
-1.7249283598468508,4.178156541602174
-1.7223545848131623,4.171238151079712
-1.7198200411905644,4.164434942762022
-1.7172801168480216,4.1576274020425
-1.7146594691336732,4.150614074103421
-1.7122011022838588,4.144053347258457
-1.7097666969653464,4.137593551441512
-1.7072701582770458,4.13099251755527
-1.7048750667715675,4.124633432846305
-1.7024472417210652,4.118095367244088
-1.6998756942079905,4.111110305951594
-1.6973810233551396,4.104305907667988
-1.6950376550278454,4.097872899356446
-1.6927022935810174,4.0913846404543115
-1.690413593616749,4.08500366957604
-1.688178497097786,4.078760336070011
-1.6857928262877566,4.072072472901245
-1.6833801678409508,4.065338138572245
-1.6809370361387097,4.058507004888211
-1.6784281253392626,4.0514642464016495
-1.6760066053009544,4.044624244867475
-1.67359016568953,4.0377652668233805
-1.6711275106773953,4.030732163379219
-1.668755108419258,4.023898793329996
-1.66639669800501,4.017059103078988
-1.663982107058007,4.010003736870362
-1.661653156666534,4.003149278255288
-1.659461390040789,3.996632884675675
-1.6572877675598994,3.9900369973224517
-1.6551346521082806,3.9834750932374443
-1.6529520671250961,3.976834644150553
-1.6506577022013553,3.96983086173194
-1.6485585215343292,3.963350152666369
-1.6465226499324035,3.957003676904237
-1.644411551810744,3.9503421459887864
-1.642389447750834,3.943870275689194
-1.64044857291847,3.937567457430164
-1.638479777233984,3.9311534652010813
-1.636630746913868,3.9250653028415585
-1.6347716384041517,3.918838078683929
-1.6327847192090046,3.912043139334407
-1.6307788561736716,3.905119275953719
-1.628765703941594,3.8981560103267854
-1.6267003143481609,3.891026917730553
-1.6247171020517266,3.8841832312727336
-1.622718106331875,3.8772528699710462
-1.620671353384261,3.8700845034969364
-1.618799585219479,3.863473354386371
-1.6169594299512846,3.856931788482535
-1.6150769767574458,3.8501714583066993
-1.613268757233551,3.843604968308929
-1.6114553209415148,3.8369245705914
-1.6096065651397455,3.830007148595682
-1.607793581986915,3.8231240465102574
-1.6059779823792797,3.816128060644979
-1.6041319474581255,3.808917523356523
-1.6023675378036282,3.80191617567205
-1.6006302638137202,3.794949697881335
-1.5988562989640895,3.787768350482616
-1.5971405939464234,3.7807487330606415
-1.5954431003993876,3.7737184401556783
-1.593712238964722,3.7664649264891077
-1.5920498085691062,3.7594148364674296
-1.590405345377415,3.752356603344891
-1.588730735297844,3.745078500437304
-1.587130116905638,3.7380114622311016
-1.5855576832953502,3.730943486049164
-1.5839700926178888,3.7236876002755652
-1.5825050875514683,3.7168655090174503
-1.5810967106354108,3.710225176617938
-1.5796696012684421,3.7033843617657203
-1.578273006736219,3.696648195380399
-1.5768591935102796,3.68986445369376
-1.5753763417377002,3.6827418183651774
-1.5739204183269768,3.67566942725229
-1.572484407553093,3.668581552547941
-1.5710261266655743,3.6612683713580734
-1.5696296706858512,3.6541572724830145
-1.5682507595960151,3.6470381790993147
-1.5668492553786457,3.6396985486970004
-1.5655122400699966,3.6325678905337555
-1.5641966713473434,3.625439593362184
-1.5628688577920113,3.6181224412077797
-1.561603226929498,3.6110124532960057
-1.5603672954938694,3.603916030265721
-1.5591163219397424,3.5966490667425433
-1.5579092182861405,3.5895446919491154
-1.556717931584253,3.5824195113321413
-1.5555087831179402,3.575069617946834
-1.5544128199356841,3.5683041089426006
-1.5533345740000217,3.561581298160968
-1.5522337242869593,3.5546427337777735
-1.5511304546873825,3.5476360369874564
-1.5499817826900677,3.540425154076392
-1.548779681603539,3.5330033621530146
-1.5476011608346611,3.525804350859684
-1.5464069589871434,3.518629405375838
-1.5451643770503962,3.5112466072349493
-1.5439878849268436,3.504309508131275
-1.542836630035127,3.49752884978008
-1.5416491243050465,3.490611411262062
-1.540453665172339,3.4837437695157267
-1.5392119386791323,3.4766894696919897
-1.5379227688685708,3.469334084298885
-1.5366802634152235,3.462193977246131
-1.5354486508638567,3.4550464477094245
-1.5341909215538112,3.4476746774420937
-1.5330471663802618,3.440923463751047
-1.5319202902301938,3.434312692112406
-1.530740254483293,3.427370799790422
-1.529594610091079,3.420510978159908
-1.5284621209258749,3.413567299100593
-1.5272987892714687,3.406274065389296
-1.5261790947575449,3.3991529411165824
-1.5250676422249236,3.3920694109173737
-1.5239211702142763,3.384721089794518
-1.5228170860449572,3.37757232394175
-1.5217230192078046,3.3704165871473255
-1.5206059215726428,3.3630362002760683
-1.519583507437147,3.3562154524851473
-1.5185794784835387,3.3494659727815383
-1.5175506157863738,3.3425047947617803
-1.5165236538881637,3.335473823468443
-1.5155013828086514,3.3283028825512515
-1.5144811280671784,3.320910165637615
-1.5135231145407342,3.313745871185432
-1.5125959290106805,3.3066023101467557
-1.5116784820244296,3.299257846631614
-1.510845088967354,3.2924166762927607
-1.510059150750099,3.285715668405563
-1.509271307990823,3.278778978935551
-1.5085191967520464,3.2720055633019216
-1.5077443321901447,3.264973356296741
-1.5069488409676486,3.2575664348249425
-1.506201488935272,3.2503689855713014
-1.5054769792575657,3.243160941305162
-1.5047532713500824,3.2357264814582405
-1.5040728390315392,3.228504917729367
-1.5034147900032848,3.2212819811597906
-1.5027635896565805,3.213834770966065
-1.5021574245221665,3.2066180713074837
-1.5015822264539798,3.199445837906578
-1.5010079345088283,3.1920828841021964
-1.5004648061173158,3.1848939708285364
-1.4999419759463606,3.1776966439225074
-1.4994247380943173,3.170274324929713
-1.4989424195093655,3.16306047195854
-1.4984784513413854,3.1558391241968384
-1.4980195866528878,3.148391378386576
-1.4975916487876957,3.1411529725329226
-1.497179598709921,3.1339078560906843
-1.4967712560180682,3.1264378110259186
-1.4964068101229775,3.119478075806128
-1.4960576045171823,3.1126805195250014
-1.4957086871320882,3.1056507958169806
-1.4953881637657214,3.098864327509298
-1.4950741715303704,3.0920338179564886
-1.4947310285922477,3.0848275912590193
-1.4943896833005093,3.077659307047085
-1.4940601761834775,3.0704395407484175
-1.4937346529408106,3.0629941221958017
-1.493424887776498,3.0557428792459267
-1.493110702338993,3.0484822147941943
-1.4927826303484288,3.0409954402695805
-1.492458857507887,3.0337208167375143
-1.4921285173408572,3.026441190244039
-1.4917806550244757,3.0189385770272636
-1.4914377492043522,3.0116627879300806
-1.491089121557166,3.0043962595059175
-1.4907382281373465,2.996940580799646
-1.4903899143268309,2.989861919260415
-1.4900502161463234,2.9830338454103633
-1.4896991860876378,2.9760271478645755
-1.489357636391652,2.9692484937739483
-1.4890155107959626,2.962465726482549
-1.4886621901483712,2.9554716053363275
-1.4883023549562757,2.9483586666136725
-1.4879382612179408,2.9410947954904896
-1.487559964292625,2.9336085994979233
-1.487204942167428,2.926372218750105
-1.4868923623202701,2.919135340010773
-1.4866048353989822,2.9116799179631085
-1.4863529336073535,2.904420741328918
-1.486111330472852,2.897161734845627
-1.4858744286508068,2.889732478457472
-1.485634600492291,2.8824957456453317
-1.4853883644785875,2.8752578349349482
-1.485129981408631,2.867795402803728
-1.4848746133384723,2.860547027705874
-1.4846154073735642,2.8532953824358174
-1.4843454118439223,2.8458179661580303
-1.484080280298084,2.838554352967742
-1.4838119288576408,2.8312848791424794
-1.4835319324554714,2.8237893137499745
-1.4832606249724338,2.8165207632253697
-1.4829939109900654,2.8092487148502565
-1.4827253546822174,2.801760701776245
-1.4824695641988488,2.7945050981693353
-1.4822286801087667,2.787324747320691
-1.481983231553242,2.780192537892839
-1.481741181303936,2.7733921206938423
-1.4814878050644713,2.7663414690568766
-1.4812104835138997,2.758873934647634
-1.4809382697369406,2.751623063347452
-1.4806621003188758,2.7443662586197064
-1.4803732461295283,2.7368833584118026
-1.4800885339530339,2.729614600559129
-1.479798493541452,2.7223380796345826
-1.4794927503474042,2.714835986016666
-1.479189547511925,2.707554444725242
-1.4788819334868255,2.700277918015189
-1.4785578751647601,2.6927925269194946
-1.4782504940644101,2.685569313901899
-1.4779303139289297,2.6783916048081196
-1.477589466074213,2.670944273451293
-1.4772559948069393,2.663708845369395
-1.4769207018266326,2.656471040031743
-1.4765747067013557,2.64900808870638
-1.476219690695297,2.6414183703680925
-1.4758557366906426,2.6340226249283023
-1.4754507127264465,2.6265008765875906
-1.475032353514347,2.619204623962213
-1.4746226289502933,2.6122165250938356
-1.4741850255442104,2.60514112614021
-1.4737229415692445,2.598070476927725
-1.4732159585351323,2.590774492008265
-1.472673738330581,2.583277121772069
-1.4721122719601596,2.5760851290121805
-1.471514057511271,2.568862561964539
-1.4708638711959674,2.5613939943450306
-1.4702064396208518,2.5541500312766767
-1.469525092295548,2.5469027778963143
-1.468798132856093,2.5394319899044557
-1.4680590932436195,2.532158892550238
-1.4672771682023864,2.5248811670955136
-1.4664271434284604,2.5173819060415585
-1.4655740090270273,2.5101373880671716
-1.464740993072245,2.50316068901937
-1.4638679517003137,2.496116111203793
-1.4629798050384346,2.48917749200114
-1.4620592892527293,2.4821337533569228
-1.4610751066738208,2.4747889960505245
-1.460064511486691,2.467610976581593
-1.458995990193513,2.4604039184841513
-1.45784226874732,2.452966609941349
-1.4566985235085173,2.445835028002932
-1.4555769990533227,2.4388960551566328
-1.4544066806412308,2.431902548553569
-1.4532285506810345,2.425115827619276
-1.451954809722618,2.418023949153987
-1.4505834688348929,2.4105860339723924
-1.4492171560164886,2.403390969105304
-1.4478136545618572,2.3961464176992635
-1.4463952249428937,2.3888723744776312
-1.4450375119133825,2.3820787643309047
-1.4437055126443585,2.3755672880283134
-1.442338712654835,2.369041663180907
-1.440943568144385,2.362600219800961
-1.4394241733135673,2.355968564396526
-1.437745343584073,2.349012077464419
-1.436031863292477,2.342159663474656
-1.4343290541689557,2.33546582307896
-1.432558008397817,2.3286354575667128
-1.4308059894899439,2.322009175644705
-1.428931778650545,2.3150511250490204
-1.4269361595217773,2.3077599833402935
-1.424983633634743,2.3007185632535467
-1.4229725459218399,2.2935563435914825
-1.4209387206584583,2.2862932052020435
-1.4190484462209596,2.2795873196583303
-1.4171836630336347,2.2730415689127574
-1.4152874781534912,2.2664327381712828
-1.4133893673244837,2.2598673394503797
-1.4113636310612245,2.253052497143804
-1.409183558208631,2.24589235773014
-1.4070166214463846,2.2389106253578714
-1.4048040188468813,2.2319359992453
-1.4024775679788353,2.2247592892949433
-1.4001839499518414,2.217816394088905
-1.397861017316382,2.2108860779020043
-1.3954420428189047,2.203757644605227
-1.393017491706237,2.1966954043466616
-1.3905695034663432,2.189586051851388
-1.3880593877213208,2.1824497985929527
-1.3855838929532915,2.1755822049581206
-1.3830695436864517,2.1687270722391374
-1.380446869153351,2.161720980178626
-1.377899913848173,2.1550446673441854
-1.3752916641557489,2.1483015405456922
-1.3725629933457775,2.141310960946679
-1.369883894924414,2.13451920900423
-1.3671721032881503,2.127734699789409
-1.3643466997874345,2.120757122177967
-1.361587929656245,2.114010811287707
-1.3588272121463505,2.1073024856055262
-1.3559637954964687,2.10039111178271
-1.353164943727725,2.093682174958618
-1.3503469964719064,2.0869720436226844
-1.3474253765158293,2.080063248554587
-1.3445724131403713,2.073365419830887
-1.3416958853374563,2.066662983000411
-1.338715150203638,2.0598216022991243
-1.3357890249353257,2.0531955850087615
-1.332814825221892,2.0465368184468944
-1.329722624180104,2.0396832479757077
-1.3266974517873327,2.0330447090640473
-1.3236520484013654,2.0264180526042925
-1.3204982119380133,2.019604102910113
-1.3174127095233994,2.012981185920955
-1.3143468024777487,2.0064155441842693
-1.3111806404822008,1.9996432142659173
-1.308098754904419,1.9930646754104953
-1.3050073893051768,1.9864853056256735
-1.3018136269887415,1.9797087350273626
-1.298695844423773,1.9731236412961335
-1.2955696333780362,1.9665864907922463
-1.2923262484018945,1.9598902458064695
-1.289138141408476,1.9533807395217089
-1.285916132586738,1.946847058058473
-1.2825776764487442,1.9401225511901934
-1.2793248581082037,1.9336107689266786
-1.276066014409376,1.9271062387720248
-1.2727056188756092,1.9204376407800585
-1.2693521973744746,1.9137937842160775
-1.266116076315902,1.907403210422404
-1.262920444974429,1.9011288251246132
-1.2596808297822697,1.8947959956703242
-1.2563644041536814,1.8883289747710181
-1.2529450912483677,1.881668172443683
-1.2497351368384078,1.875404818589214
-1.246590320260947,1.8692533465394152
-1.2433910572946016,1.8629983002266652
-1.2401841615407752,1.8567378612873986
-1.236880420093221,1.8503053849583042
-1.2334706438595566,1.8436526686210926
-1.2302970454626754,1.8374513510962516
-1.2271342505268363,1.8313238053477403
-1.223906479285415,1.825069455294861
-1.2207966651236144,1.8190318700735633
-1.2176872204143014,1.8129884080433167
-1.2144850792312887,1.8067568112849945
-1.2113637021648516,1.800673915788256
-1.208135615371878,1.794376715574821
-1.204736359623309,1.7877399008855337
-1.2015385843003967,1.781458361731432
-1.1984247537777204,1.7752928497483513
-1.195271120877508,1.7690286728345386
-1.1921157607341428,1.7627484976995682
-1.188872690512593,1.7562848760910559
-1.1855405548421567,1.7496056011560646
-1.1824545104009587,1.743392330030846
-1.1794252973347843,1.7373357064727117
-1.1763225136587654,1.7311512003069975
-1.1734225486470764,1.7253532258686146
-1.1704911517359526,1.719429420136152
-1.16730044109285,1.7128804066356462
-1.164146486850167,1.7063542043044595
-1.1609982035410795,1.6998233824416205
-1.157766526619303,1.693093988634641
-1.1546507667660182,1.686599654053045
-1.151576732047802,1.6801765013956655
-1.1483870592942929,1.6734689377812628
-1.1453078035384923,1.6669289728741652
-1.1422513711903,1.6603744693040183
-1.1391280860657855,1.6536094502960326
-1.1361251195517252,1.6470326049633277
-1.1331490628024485,1.6404406274704229
-1.130128247738639,1.6336675143546144
-1.1272234893651467,1.6270656703224617
-1.124356245713029,1.620457174518191
-1.1214426041081058,1.6136303001682064
-1.118654788155777,1.6069896914803914
-1.1159763996018737,1.6004887867715787
-1.1133112320554972,1.5938966103870869
-1.1106768877701596,1.5873076289605772
-1.1079952446898576,1.5805909098517397
-1.105264121318106,1.573666374417036
-1.1026389057742785,1.5669296344341346
-1.100039999093719,1.560179054352494
-1.0973922406767542,1.5532127632835
-1.0948536981574337,1.5464419068279784
-1.0923510060389545,1.5396698219374914
-1.0898109711305441,1.5326975823820101
-1.087374682688544,1.5259075102715614
-1.084958317448586,1.5190935189229162
-1.0824819071607903,1.5120646609482613
-1.0801422839776995,1.505380171619214
-1.0778243119656579,1.4986896934893295
-1.0754273462528923,1.491690181513434
-1.0731337985643306,1.484867008701079
-1.0708802921372416,1.4780239953136058
-1.068600582538835,1.470953542703809
-1.0665242845543164,1.4643850188472116
-1.0645019712216441,1.457891846541559
-1.0624464609495718,1.4511931091677868
-1.0604234294647226,1.4444758752174072
-1.0584340588963312,1.4376892923793723
-1.0564225655290724,1.4306698531378845
-1.054472323235627,1.4237369498025372
-1.0525531153060652,1.416797910806964
-1.0506093356860784,1.4096899531045153
-1.0487336466432216,1.4027474832499904
-1.0468764623410516,1.3957744257512683
-1.0449865280123174,1.388578057327853
-1.0431747693288966,1.38158128829021
-1.0413864231208723,1.3745737200339392
-1.0395688261591292,1.3673413064054656
-1.0378296923321013,1.3603112778722641
-1.036115854557772,1.3532716452634417
-1.0343778503907768,1.3460128709674049
-1.032725008390656,1.3389598961905886
-1.03112086541501,1.3319367728028124
-1.0295153018244414,1.3247013152425524
-1.0280318465252178,1.3177998686328452
-1.026622248980041,1.311053182764855
-1.0252186203820601,1.3042192223855449
-1.023875681067514,1.2975737902151945
-1.0224809641452426,1.2905789256641003
-1.0210289582244054,1.28323873294428
-1.019646755090981,1.276136833876081
-1.0182851933089456,1.269025105018847
-1.0169039033073395,1.2616876572123021
-1.0155824970947267,1.2545543413034785
-1.0142789655079105,1.2474146495036884
-1.0129546740242519,1.2400530960915206
-1.0116920225359023,1.232905822085376
-1.0104526178436515,1.22578681894815
-1.0092055749913964,1.2185025749985592
-1.0080049654045193,1.2114309111568426
-1.0068113915513817,1.2043115943690519
-1.0055994436284723,1.1969702711155106
-1.0044517669373563,1.1898637805983208
-1.0033413587183304,1.1827432250935064
-1.0022364626122144,1.1753944362718227
-1.0012020849462424,1.1682499332514906
-1.0002017178502154,1.1610875794751312
-0.9992038699592537,1.1536973835022708
-0.9982678034899615,1.1465175428176884
-0.9973655531546531,1.1393338440936807
-0.9964705194017118,1.1319345983325693
-0.995634361403988,1.124762040464434
-0.9948426359715073,1.1176552205349535
-0.9940499868105472,1.1102900591013467
-0.9933096250061483,1.1031247133813389
-0.9925966845023891,1.0959526261195527
-0.9918907323310902,1.0885550823496577
-0.9912327011230044,1.0813645633819693
-0.9906004970005892,1.0741654924068589
-0.9899761190502973,1.0667395913841782
-0.989395282422591,1.0595218263677868
-0.9888382226188152,1.0522964561398616
-0.9882887919434661,1.044845855078721
-0.9877794135832597,1.0376127510745257
-0.9872907289701729,1.0303809546373857
-0.9868100871553792,1.0229760329587745
-0.9863707936019994,1.0158030216132536
-0.9859422155827451,1.0086082181044667
-0.9855236828834885,1.0011862137803862
-0.9851381968561602,0.9939807051918159
-0.984789242321901,0.9870950032073623
-0.9844538838182901,0.9801050199162094
-0.9841310064365953,0.9729832022809477
-0.9838222039596146,0.9657500683351513
-0.9835247006246687,0.9582918468068823
-0.9832549629654239,0.9510446286612415
-0.9830027099287427,0.9437925947439106
-0.9827606350869177,0.936320661142017
-0.9825419915599245,0.929075253945868
-0.9823383503170382,0.9218709392535805
-0.9821449050098033,0.9144451559807408
-0.98196602400655,0.9072113115196185
-0.9818017441755359,0.8999953987322196
-0.9816467799463018,0.8925538498652639
-0.9815111519382329,0.8853273948446102
-0.9813828669924111,0.8780794626664975
-0.981247176613391,0.8706006575459981
-0.9811122675525831,0.8633357751623624
-0.9809725497752182,0.8560613276201561
-0.9808213726990568,0.8485605039738742
-0.9806683338056608,0.8412789409225433
-0.9805100261818954,0.833997683772256
-0.9803421116406941,0.8265036762848125
-0.9801726577017845,0.8192799975802413
-0.9799982327019378,0.8121414534658082
-0.9798154910269135,0.8049427785517409
-0.9796239711075915,0.7979208867028208
-0.9794330050954635,0.7907234561857616
-0.979232581366797,0.7832585417322379
-0.979034770052611,0.7760086510672263
-0.9788350935673709,0.7687556393235402
-0.9786285575425726,0.7612767963618704
-0.9784264398333569,0.7540102757545971
-0.978221688298019,0.7467379993271224
-0.9780077279309537,0.7392406715137503
-0.9777968831407687,0.7319628689538257
-0.9775833573985321,0.7246913999538238
-0.9773638330270825,0.7172381096163145
-0.9771444389404388,0.710027568175472
-0.9769209649754593,0.7027768492923319
-0.9766850514487585,0.6953216211279846
-0.9764548429125696,0.6880802034808658
-0.9762236025442317,0.6808395128478746
-0.9759856137040694,0.6733753687260465
-0.9757545476220654,0.6661252808543671
-0.9755229158038878,0.6588677440695871
-0.9752827165654442,0.6513839349107002
-0.9750626383886697,0.6444399295733653
-0.9748575426406408,0.6375958579905521
-0.974643768885776,0.6305461214773842
-0.9744288130103436,0.6235939623432154
-0.9742046460890719,0.6165267551144704
-0.973950594126002,0.6092601782350965
-0.9736870455681718,0.6021432398724641
-0.9734055000712407,0.594932826615484
-0.9731166297856562,0.5874742437608345
-0.9728363830557168,0.5802397628182813
-0.9725597108160581,0.5730019408041831
-0.9722777004012825,0.5655396469445036
-0.9720064523165919,0.5582893089140331
-0.9717368110775395,0.5510327674798668
-0.9714605032753569,0.5435501174048663
-0.9711935866294772,0.53628220803408
-0.9709285419465913,0.5290138963837229
-0.9706579118264274,0.5215265964916385
-0.9704016980425418,0.5142785003134737
-0.9701424524897397,0.5070729881355094
-0.9698739625312591,0.4996170356150011
-0.9696111289483722,0.4923705657598456
-0.9693532228692568,0.48529046745540605
-0.9691003871351918,0.47827076009281105
-0.9688580739268376,0.4714680734703247
-0.9686178527709934,0.46467406134623296
-0.9683725137428956,0.45766905768701444
-0.9681364300139332,0.45086430631550944
-0.9678947614859092,0.44378306414872837
-0.9676522264076582,0.4362963854210499
-0.9674202175531951,0.42902668833252167
-0.9671894847618843,0.42175599127407426
-0.9669552203881994,0.41427257509249166
-0.9667336959385496,0.4071352303869183
-0.966521792112963,0.399998161522029
-0.96631819488323,0.39255282435497263
-0.9661404066224858,0.3853409253865975
-0.9659845038679398,0.37812665503679677
-0.9658454295149252,0.37069169357451287
-0.9657325316911187,0.36346970816327345
-0.9656402302799173,0.356242519864263
-0.9655668825204455,0.3487899065430354
-0.9655166789054169,0.34155033142695923
-0.9654899340616665,0.3346349004996553
-0.9654853789320669,0.32761367637797906
-0.965498815703341,0.32079960633849053
-0.9655309630933544,0.31400362872156307
-0.9655734394007697,0.30705762531669417
-0.9656216940961594,0.3003102724194487
-0.9656882278176143,0.293376655440254
-0.9657686446596648,0.28599458481465095
-0.9658633076303724,0.27881005594528935
-0.9659747088304877,0.27157867905795247
-0.9661029844509629,0.2641314971518834
-0.9662403795717401,0.25690058168464747
-0.9663932934509766,0.2496591724363446
-0.9665607883966303,0.24219185019432196
-0.9667331461230304,0.23493729918360895
-0.966913830473185,0.2276776099702774
-0.967108222975238,0.22019364605488698
-0.9673099354747222,0.2129250523366783
-0.9675166350771943,0.20566110563813414
-0.9677335538598776,0.19818863011672405
-0.967948338877198,0.19093825976055454
-0.9681684876660166,0.18369645519594602
-0.9684024169607797,0.1762828330015993
-0.9686332153868011,0.1692768476335448
-0.9688683665151833,0.16247450944898384
-0.9691184000394818,0.15546680785626185
-0.9693835911611132,0.148337852542486
-0.9696707111643023,0.1410806073649467
-0.9699727268370708,0.13360871936353005
-0.9702781994534779,0.12637531248436035
-0.9706086227430438,0.11914006350859077
-0.9709770567566521,0.11168144294035798
-0.9713588722349997,0.10435264902745967
-0.9717378500336807,0.09709432796789512
-0.9721271393831757,0.0896214258246926
-0.9725057745363526,0.08238881103292771
-0.9729035558812882,0.0751843207588668
-0.9733288728801017,0.0678142424212076
-0.9737644911357515,0.06061954946748664
-0.9742161352820311,0.05340321129219712
-0.9746973385233552,0.04596477753820715
-0.9751798805872305,0.03874092576592746
-0.9756762300427748,0.031506955489871064
-0.9761981850228917,0.02404879458598844
-0.9767145785033513,0.016806179098521487
-0.9772448749085435,0.009554762086958015
-0.9777904018172202,0.00209638970317909
-0.9783238927870669,-0.005145279570028858
-0.9788583827256009,-0.012385400522321925
-0.9794106915569617,-0.019840844857519434
-0.9799492047047264,-0.02706698227514032
-0.9804874682247096,-0.034248135168128205
-0.9810469365574869,-0.04166443785933197
-0.9815942325982439,-0.048892096922908676
-0.982142040430855,-0.05612357861394388
-0.982707153837492,-0.0635793092348989
-0.9832548876548328,-0.07082680410058326
-0.9837983551953403,-0.0780798922670949
-0.9843533731386571,-0.08555545602757536
-0.9848895892221575,-0.09281322720264819
-0.985418426696216,-0.10006758376634493
-0.9859544980076741,-0.10753910548966272
-0.9864649736080677,-0.1147926909567965
-0.9869653631033084,-0.12204532497257892
-0.9874718111966465,-0.12950736495161422
-0.9879565307371639,-0.13670126233756671
-0.9884385674561663,-0.14391261290854793
-0.9889320661744313,-0.1513711879888893
-0.9894049340280102,-0.1586137841349881
-0.9898724194358198,-0.16586461152878912
-0.9903472732329276,-0.1733418542609092
-0.9908009213478781,-0.18060504250660628
-0.991235297841626,-0.18757593899529693
-0.9916965869082365,-0.1946990318947965
-0.9921436884464291,-0.2016631868390781
-0.9925857795882345,-0.20879428261871444
-0.9930283879032087,-0.21626645836273106
-0.9934461020204167,-0.22352370937126984
-0.9938547085261251,-0.23077461164012947
-0.9942696112201113,-0.23820197060237305
-0.9946660447145054,-0.24539869150891816
-0.9950582965958745,-0.25264576907953945
-0.9954529368615914,-0.26011544115415713
-0.9958282194493818,-0.26737238426896837
-0.9961953181389694,-0.2746361678927125
-0.9965641710483749,-0.2821265690103567
-0.9969127628174843,-0.2894010350089924
-0.9972520720178033,-0.29667414897774574
-0.9975983700212606,-0.30416699548952314
-0.9979224272749202,-0.31142944740712275
-0.9982376276152934,-0.3186978025055983
-0.9985487898243406,-0.32618208296952705
-0.9988404186688822,-0.33336226789051787
-0.9991201676055834,-0.3403154783547194
-0.9993926150431378,-0.3473336274715815
-0.9996541131922703,-0.3541481422901502
-0.9999101498536962,-0.36094413397520436
-1.000170553004309,-0.36795028942926106
-1.0004200923098157,-0.37475627236480036
-1.000679122634531,-0.38185436545637225
-1.0009633102313271,-0.3893659306611754
-1.0012393313003374,-0.3966185545719047
-1.0015286901588176,-0.4038759174429275
-1.0018424012508031,-0.41134873753983064
-1.0021544376992162,-0.4185919998098342
-1.0024746080234614,-0.42583748299690316
-1.0028119785848455,-0.43329873001984565
-1.003154481786642,-0.44052614547212465
-1.0035035333938351,-0.4476999700441257
-1.0038803479183382,-0.45512021629290944
-1.0042574920680192,-0.4623496825731914
-1.004641441093428,-0.4695832702922959
-1.0050446396660229,-0.4770408715209365
-1.0054434365260014,-0.4842847363981777
-1.0058354903953997,-0.4912266859218369
-1.006251222234423,-0.4982699535429545
-1.0066599404410836,-0.5050903815741037
-1.0070755085463485,-0.5119112445086715
-1.0075048387943444,-0.5189252965346844
-1.0079249252890568,-0.5257373775205548
-1.0083624912329952,-0.5327651915342806
-1.0088328171646261,-0.540212033184094
-1.0093038414870412,-0.5474738611169281
-1.0097878842793448,-0.5546785646585872
-1.010312691191217,-0.5620997660921744
-1.0108448713276954,-0.5693023992525513
-1.011399511389458,-0.576512219364083
-1.0119912618750895,-0.5839447440993111
-1.0125851508921286,-0.5911631907926862
-1.0131976686645705,-0.5983834937350557
-1.0138485106474109,-0.6058266761283619
-1.0145026385984799,-0.6130720296853116
-1.0151636672473958,-0.6202839682899906
-1.0158572362858158,-0.6277206548065409
-1.0165173227588187,-0.6346839342358147
-1.0171774222101715,-0.6414708533325156
-1.0178695228624457,-0.6484502690487093
-1.0185787243884972,-0.6553456691671412
-1.0193283729085099,-0.6622361741660046
-1.0201478911790656,-0.66946336979399
-1.0209790766110014,-0.67664318514175
-1.0218217930523252,-0.683840126695089
-1.022700049187836,-0.69125892407344
-1.0235300186631633,-0.6981684821426735
-1.0243673663692254,-0.70498019360421
-1.0252280290952183,-0.7119477900029519
-1.0260782441786243,-0.7188400282770652
-1.0269420655223904,-0.7258796223227384
-1.027862195620068,-0.7332767588805627
-1.0287305641145557,-0.7401096555943184
-1.0295914565427695,-0.7468198893777575
-1.0305020738021464,-0.753763474036253
-1.031428112560159,-0.7605793447559156
-1.0324025425386671,-0.7674373001435296
-1.0334668404814475,-0.7746485149655563
-1.0345437636816552,-0.7817962508490002
-1.035634564838824,-0.7889581117446827
-1.036770420228018,-0.7963383398923599
-1.0378864695100445,-0.803503310106985
-1.0390163468975098,-0.8106709043830759
-1.0401845241213097,-0.8180367445339296
-1.0413312934774137,-0.8251660918871421
-1.042503330324547,-0.8323007946970211
-1.0437370131130503,-0.8396511514471588
-1.044959447530588,-0.8467816871568654
-1.0461560950161084,-0.853646147461962
-1.0473790509145278,-0.860560427628353
-1.0486016588711429,-0.8673157715043184
-1.0498851520953192,-0.8741747213205251
-1.051274120810127,-0.8814187583646415
-1.0526029796893146,-0.888232731947722
-1.0539171764903248,-0.8948959668969156
-1.055289256478474,-0.9017585534963348
-1.056641763109816,-0.9084184154411786
-1.0580436481642423,-0.9152792508228701
-1.0595113157346552,-0.9225041535657581
-1.0609617963875906,-0.9296038859802871
-1.0624254280956662,-0.936686774122427
-1.0639590800821481,-0.9439833398330995
-1.065472090642444,-0.951060322211527
-1.0669447875455638,-0.9578614377847943
-1.0684508875094898,-0.9647583249138262
-1.0699412411279081,-0.9714684815493659
-1.0715008553569614,-0.9783392687104818
-1.0731740885036452,-0.9855760088473564
-1.074825967566795,-0.9926133584329758
-1.0764706083746551,-0.9995149918853746
-1.0781388209166602,-1.0064168998933458
-1.0798183326403525,-1.0132998873690757
-1.0815215983049562,-1.0202912577603522
-1.083298159139901,-1.0275397395756631
-1.0850354471199615,-1.0345536700892501
-1.0868015264672497,-1.0415661052950982
-1.0886505750545146,-1.0487873293375007
-1.090402007483418,-1.055553570242806
-1.0921229520849858,-1.0622020804341745
-1.0938993117744766,-1.0689729835764725
-1.09568229168333,-1.0756329948281178
-1.0975403928427332,-1.0824157223089927
-1.0995315126459766,-1.0895706185664988
-1.1014315476525443,-1.096304533842901
-1.1033213065085983,-1.1028969904355617
-1.1052741881833918,-1.109636144837859
-1.107236415028765,-1.1163695245275322
-1.1092555219871034,-1.1233078559688314
-1.1113505716859913,-1.130477046092095
-1.113392566040475,-1.1374128012972708
-1.115462464217527,-1.144345222575003
-1.1176234062148818,-1.151482635633105
-1.1196534950402477,-1.1581157762145557
-1.121659750342243,-1.1646250614175435
-1.123733650487982,-1.1712569854351857
-1.1257861487696612,-1.1777087800022457
-1.127933360263983,-1.1843447660879332
-1.1302437054599757,-1.1913869523099534
-1.132493297342293,-1.1981589011992242
-1.1347078826578654,-1.204760657029329
-1.1369630839189644,-1.2114105825695898
-1.139078141869372,-1.2176092108002843
-1.1411263625322117,-1.2236010428406396
-1.1432497615987811,-1.2297736808068997
-1.1453235581944743,-1.2357658137700982
-1.147530195124985,-1.24210196907619
-1.1499963997276488,-1.2491143018442465
-1.1524205096446765,-1.255942070113095
-1.154864064911061,-1.262763286462069
-1.1573950434070315,-1.2697588871307695
-1.1598339479295885,-1.2764481184290188
-1.162307373146638,-1.2832253781316831
-1.1648677613010143,-1.2902497673167084
-1.1673282658568178,-1.2969961233426197
-1.169789862524266,-1.3037463753290899
-1.1723503951026912,-1.310749633747625
-1.1748440602930472,-1.3175487462304138
-1.1772322671491844,-1.324039088513482
-1.179661939930122,-1.3306224822000732
-1.1821385035304668,-1.337305787476402
-1.184666750899592,-1.3441211514160458
-1.18727520120535,-1.3511417556980827
-1.189809451504461,-1.357940157606252
-1.1923567758667484,-1.3647163518882157
-1.1949773579367107,-1.3716432181950133
-1.1975532363842067,-1.3783951410608057
-1.2001438452813533,-1.3851567177679216
-1.2028186567896182,-1.3921216308288566
-1.2053908299586802,-1.3988255062526282
-1.2079891729675787,-1.4055738025084363
-1.2106779361075877,-1.4125289914497927
-1.213183775029512,-1.4189856994372376
-1.2156538305879327,-1.4253349302507072
-1.2182105070640294,-1.4318762105624523
-1.2207037173360393,-1.4382260636592308
-1.2233000875051787,-1.4448088348347203
-1.226053418531179,-1.4517752293374455
-1.2286358495084788,-1.4583076141266982
-1.231162253244947,-1.4647260474754642
-1.2337245678846638,-1.471240230998814
-1.2362683535827115,-1.4776851419634958
-1.2389049431301156,-1.4843546477200338
-1.2416280865392049,-1.491248577088774
-1.2442802782204396,-1.4979770322593529
-1.246937406887832,-1.5047200586092866
-1.2496759285847885,-1.511672878015601
-1.252335257089665,-1.518439508020967
-1.2549862432617007,-1.5252172021456278
-1.257708382396764,-1.5322101983760934
-1.260340859429177,-1.5390093501398858
-1.2629598338948431,-1.5458137050057488
-1.265642003793145,-1.5528244107597575
-1.2682277307180794,-1.55960540805672
-1.270774327246887,-1.5663215020778174
-1.2734069636163956,-1.5733248959104393
-1.2759447951970737,-1.5801497810404714
-1.2783924494268821,-1.5867777463387434
-1.280874724545081,-1.5935185558688483
-1.2833040540513807,-1.6001884631183667
-1.28576457756324,-1.6070479407964502
-1.2882701425427119,-1.6141396166977346
-1.2906694333245403,-1.6210187806610878
-1.2930531612686245,-1.6279087102134424
-1.295491707406349,-1.6350172479024556
-1.2978405453618038,-1.641921289315625
-1.3000983186201616,-1.6486196441664702
-1.3023562068994037,-1.655407719749077
-1.3044420306350246,-1.6617474185714225
-1.3064197380307938,-1.6678370914279332
-1.3084370267503465,-1.6740830526601933
-1.3104446291581304,-1.6803458434699234
-1.3125079219594078,-1.686858902040768
-1.3145997837592818,-1.6936079679290668
-1.3165802339693908,-1.7000962360211278
-1.3185649455131105,-1.7065899860596785
-1.3206155450384232,-1.7132827969149012
-1.3227034148455004,-1.720083966081017
-1.3248348534474488,-1.7270361346187482
-1.327028687965247,-1.7342010736115325
-1.3290792777019638,-1.7409129622303379
-1.3310754647516299,-1.747449603056144
-1.3331186213750486,-1.7541091955443961
-1.3351548955054124,-1.7606793942965684
-1.337259902532646,-1.7674000302092225
-1.3394944281062116,-1.774514380014131
-1.3416699688828884,-1.7814395100415923
-1.3438307967820031,-1.7883496702732495
-1.346054827011938,-1.7954889073503255
-1.3480813579223725,-1.8020032490978135
-1.3499907557423212,-1.8081200957292216
-1.3519493717331321,-1.8144161896168658
-1.3539346459930697,-1.820824198711103
-1.356037828913395,-1.827629831596361
-1.3582440928405346,-1.8348111456911296
-1.3603635398054092,-1.8417864590221682
-1.3624563962676275,-1.848781279546777
-1.3645675843988783,-1.8559570075879213
-1.3665848077070362,-1.862883584251396
-1.3686005641224686,-1.869790515300772
-1.3707002025344461,-1.87696045255273
-1.3727467928107158,-1.883923361739747
-1.3747833330174786,-1.8908702233982326
-1.3768861230309755,-1.8980440961312772
-1.3789231599079637,-1.9050205396921907
-1.380949332433076,-1.9120075248693467
-1.383025187286721,-1.919215424611961
-1.3850282382125914,-1.926218514247717
-1.3870195121498894,-1.9332255200820023
-1.3890573552788816,-1.940444123445393
-1.3910135131025578,-1.9474086855718187
-1.3929441792618837,-1.9543410259127685
-1.3949351870562028,-1.961549321521252
-1.3967766908225017,-1.9682856167387974
-1.3985654585393223,-1.974854048508441
-1.4004036507337259,-1.98165357763009
-1.4021030544660626,-1.9879478823760715
-1.403789701342487,-1.99411470750744
-1.4055238358214037,-2.000459338491475
-1.4071857518887267,-2.0066020309099986
-1.4087279508768664,-2.012342968635784
-1.4102652771707085,-2.0180881292765727
-1.4118318982556437,-2.0239976949545198
-1.413530515193298,-2.0303820470222878
-1.415374199622768,-2.037249940233663
-1.417191504357589,-2.044008944845146
-1.419007907386898,-2.050748244647324
-1.4208917846874942,-2.057745387722367
-1.4227543826423783,-2.064706371111298
-1.4246162612168969,-2.0717556188945547
-1.426505834380893,-2.079027892842907
-1.4282384471011553,-2.0857575775716404
-1.4299437358127975,-2.092374121546759
-1.4317031345051574,-2.0992475848184995
-1.4333737408589717,-2.1059039338473196
-1.4349821300524903,-2.112380388522641
-1.4366727339593257,-2.119114932452591
-1.4384057480295458,-2.12602180952409
-1.4401572949438375,-2.1331156188492133
-1.4419261269171417,-2.140422097805973
-1.4436048196100384,-2.147470433088535
-1.4452571308034872,-2.154535477210936
-1.4469362850356853,-2.161858067734931
-1.4485375653763315,-2.1689553136620088
-1.450124559919974,-2.1760596715989076
-1.451743978882173,-2.1833846042707528
-1.453302248762601,-2.1904976737456257
-1.4548396338708396,-2.197601310533909
-1.4564055902003323,-2.2049323043820857
-1.457906449534044,-2.2120572899959483
-1.4593898731988963,-2.219197237780609
-1.4608934721311924,-2.2265600666766665
-1.4623283244955865,-2.2337074536888246
-1.463694927642393,-2.2406372585791443
-1.4650416644433635,-2.2476822189600867
-1.4663139143297215,-2.2544256012101513
-1.4675946837390026,-2.2611771289381273
-1.468966382963741,-2.268395167533591
-1.4703098490767619,-2.2755575866679276
-1.4716305472298075,-2.2827314232612643
-1.472964500817702,-2.2901294752155703
-1.4742368304631817,-2.297314432972381
-1.4754774642625945,-2.3045046947501424
-1.4767187313386367,-2.3119178399293276
-1.477891877708745,-2.319126686530337
-1.4790286517808413,-2.3263562971734197
-1.4801498731258862,-2.333810719380846
-1.4811997222537938,-2.3410474609212852
-1.482210551487596,-2.3482474103502833
-1.4832274799300378,-2.3556759972547887
-1.4841877060636273,-2.3628980624188403
-1.4851212419855533,-2.3701290596293667
-1.4860540719813569,-2.3775887001980327
-1.4869308712028861,-2.3848378235492946
-1.48778025168724,-2.3920897211576024
-1.4886278396064292,-2.399565749354906
-1.4894032388850664,-2.406519585970827
-1.4901742926531718,-2.413373210597906
-1.4909563885918748,-2.4204219338079187
-1.4916854640729122,-2.427133892699101
-1.492423002664735,-2.433821451953561
-1.4932092045878531,-2.440803154278632
-1.4939592657109644,-2.44738876825546
-1.4947031166050084,-2.4539432099624787
-1.4954841071867444,-2.4608798669761436
-1.4962509869175167,-2.467915685186565
-1.4969962911135257,-2.4751990397620105
-1.497704401077652,-2.4827216327028325
-1.4983369259381765,-2.4900207175106934
-1.4989226328155132,-2.497328351168896
-1.499476233848611,-2.5048634456960133
-1.4999662082620124,-2.5122251407638285
-1.5003842777644767,-2.5195671261782304
-1.500745494168755,-2.527121160450415
-1.5010279467822425,-2.5344439931039084
-1.5012377599087974,-2.5415946750973064
-1.5013685919641309,-2.5487457229148487
-1.501438642543438,-2.555574676208917
-1.5014920171956365,-2.5623953120570726
-1.5015194882395633,-2.5697829300853106
-1.501491394127021,-2.5771123415110755
-1.5014013664961736,-2.5844520729076295
-1.5012413501074018,-2.592020057075769
-1.5010379343960978,-2.5989355849853943
-1.5007932429682844,-2.6057299836816172
-1.5004782384728794,-2.612860976699748
-1.500129800260454,-2.6196813256232607
-1.4997608562612097,-2.6265083802524063
-1.4993316291742573,-2.6336462834069616
-1.4988929795849,-2.6406040130789976
-1.4984003810482436,-2.6474161120283126
-1.4978472047039804,-2.6543935256931066
-1.4972813073092885,-2.660874418234511
-1.4966813630489282,-2.667200236098269
-1.4960051079320789,-2.673755086026114
-1.4953071525937904,-2.680127137985514
-1.4945560918263947,-2.6869175908227074
-1.493685066359846,-2.694398292593217
-1.4928264407550227,-2.7012704295063266
-1.4919328489678712,-2.708040198090216
-1.490938827861333,-2.7150973707420296
-1.4898829701175407,-2.7221479856807975
-1.4887436534607175,-2.7293710877292057
-1.4875296606514727,-2.736810645601169
-1.4863142488218315,-2.7439657480523576
-1.485037859669116,-2.751131949828941
-1.4836549095105578,-2.7585364670789536
-1.4823335606905084,-2.765309891533307
-1.4810612756744799,-2.771643535824615
-1.4796638316282038,-2.7784435406552435
-1.478162812916254,-2.785466603410401
-1.4765834442555066,-2.7926159963304005
-1.474906975194303,-2.7999768698898713
-1.4732317949433271,-2.8071154517511268
-1.4715026052796847,-2.8142568266923544
-1.4696625207419245,-2.821598681031764
-1.4678285687093093,-2.828710721099654
-1.4659572090645758,-2.835779426203666
-1.4639925756496641,-2.8430355156779297
-1.4620500163740344,-2.8500608144428443
-1.4600756365444678,-2.85702207666199
-1.4579876376772485,-2.8641947749335137
-1.455892868181993,-2.871201886187497
-1.4537415803595377,-2.8782007386755404
-1.4514657969273046,-2.885399473685204
-1.4491973943852914,-2.8923769143412317
-1.4468696846601343,-2.899340543868337
-1.4444100970149738,-2.906498461224796
-1.441965362737569,-2.913424545761596
-1.4394683630737435,-2.920347077998497
-1.4368679660715842,-2.9274228526228345
-1.4344051057439973,-2.9340105630206215
-1.4319717988473781,-2.9403787624025672
-1.42941230768274,-2.9469769358109756
-1.4268971475481071,-2.9533648482728805
-1.4242823753657203,-2.9598965189825277
-1.42148548589536,-2.9666704425536596
-1.4188525719770102,-2.9728678910794004
-1.416189508368255,-2.9790142860991637
-1.4133221143175418,-2.985489712365114
-1.410487972904324,-2.9917561534227555
-1.4074906509254785,-2.998250364730906
-1.4042892118488464,-3.005074228884404
-1.4011484876306781,-3.0116785796093604
-1.3979738388340783,-3.018241575275009
-1.3946559107169834,-3.0249904174956592
-1.3915565759902244,-3.031193657245252
-1.3884810095696358,-3.0372319552630103
-1.385224815048518,-3.043526954767922
-1.3819345023826555,-3.049790483589987
-1.3785522397755376,-3.0561334352605245
-1.375035552104285,-3.0626331360355468
-1.3715823163151535,-3.0689151699521875
-1.3682075777255907,-3.0749694586079803
-1.3647493104136759,-3.0811235464334072
-1.3613723890198135,-3.0870874810391724
-1.3578876882383342,-3.0931977105796467
-1.3541828354004894,-3.099663384159521
-1.3505774355877398,-3.105920305205374
-1.3469374826256966,-3.112206577235831
-1.343167006281637,-3.1186774365707532
-1.3396311560300682,-3.1247073297870385
-1.336138448899518,-3.130603208453566
-1.3325201706114638,-3.1366699852181896
-1.328846760413275,-3.1427786846363586
-1.3251068576842322,-3.148935606905804
-1.321245753671531,-3.1552538877252125
-1.317456210618002,-3.161399411509513
-1.313610414995467,-3.167577630795813
-1.3096190111448243,-3.173941199107411
-1.3058600424910118,-3.179885814078767
-1.3021489323811328,-3.185696319166706
-1.298324963601983,-3.1916294412286845
-1.2946073285605992,-3.1973603958144308
-1.290731110073662,-3.2033035175379694
-1.2866343064900634,-3.2095701593993216
-1.2826468900211554,-3.215650452163004
-1.2786395012537883,-3.2217362120895823
-1.2744909816610719,-3.2279993904172684
-1.2704399365605643,-3.234074097154317
-1.2663679560649095,-3.2401309924738446
-1.2621693685724682,-3.2463222336984803
-1.258118972483991,-3.252240834162212
-1.2540091636207704,-3.258212062437607
-1.2497561725658106,-3.2643726269420674
-1.2456359036841855,-3.2703301306598522
-1.2415180193223294,-3.2762557860640364
-1.2372375250192524,-3.282391416554768
-1.2330865390681625,-3.288325866544788
-1.2289393020574166,-3.2942666728992798
-1.2246678829440563,-3.3003951250626873
-1.2207474215664802,-3.3060298922105527
-1.2168836438522355,-3.3115752324545658
-1.2128616848742653,-3.317350913423569
-1.2089611556986823,-3.3229586968740574
-1.204945346509467,-3.3287338492309044
-1.2007363062112355,-3.3347224089226644
-1.1965932998646793,-3.3405538258494123
-1.1925446097654642,-3.3462021996503535
-1.1884648167256693,-3.3518418969018
-1.1844849780671884,-3.35731831356334
-1.1804052374221918,-3.362926610725907
-1.176064581631306,-3.368905570439121
-1.1718059724340484,-3.3747743226295404
-1.1675307967036945,-3.3806532540266914
-1.16310702346683,-3.3867083870413546
-1.1590858729097424,-3.392191047710578
-1.1551009502876273,-3.397606268734979
-1.150901944618825,-3.4032853006144337
-1.1467074102040256,-3.408928498380721
-1.142461310745998,-3.4146098437383983
-1.1380816497076216,-3.420426700392143
-1.1337798911979733,-3.42610301929414
-1.129391687913238,-3.431871575055745
-1.1248661672311053,-3.4378134018481203
-1.1204803164681194,-3.443564395335875
-1.1160916772968523,-3.449325520072757
-1.1115714167251283,-3.4552635940054537
-1.107184185718514,-3.461032516485294
-1.102793629118124,-3.4668092297202717
-1.0982667589921398,-3.4727667067578167
-1.093860849865625,-3.478559758106031
-1.0894449629792469,-3.484351208427607
-1.0848872582030864,-3.490312808461695
-1.0805021944728859,-3.496044337825868
-1.0761408379290496,-3.501745307582305
-1.0716286589980073,-3.507641625041978
-1.0672273483467603,-3.5134026443516975
-1.0628373141532141,-3.519170202381739
-1.058344248005126,-3.525086565031635
-1.053984338283918,-3.530842284110289
-1.0495970232147636,-3.5366203404688856
-1.0450666235939037,-3.5425730974118474
-1.0406794945888982,-3.5483368841230716
-1.0362979666440404,-3.55411186197618
-1.031789102433988,-3.5600733674975933
-1.027413102247761,-3.5658727373046455
-1.0230398804109808,-3.5716763370982383
-1.018544355919318,-3.577655767661555
-1.0142062938371634,-3.5834252319104047
-1.0098941595067237,-3.5891640123664637
-1.0054270071417903,-3.5951319564645092
-1.0011246437061165,-3.6009124565007995
-0.9968420451553179,-3.6066743728662845
-0.9924083057915409,-3.6126548179051188
-0.9880929732775097,-3.61847717805999
-0.9837709761199689,-3.6243027225695577
-0.9793119129662166,-3.630307455603731
-0.974977751090585,-3.6361385057743467
-0.9706573930117752,-3.6419572901663964
-0.9662158498655559,-3.647965953034467
-0.9619163802757179,-3.6538073547121614
-0.9576214722511872,-3.6596632068881227
-0.9532244023277141,-3.665648978051961
-0.9489397452910465,-3.6714720544452915
-0.9446571007089183,-3.677298279198698
-0.9402652431825005,-3.6833150050974957
-0.9360376698881558,-3.689143342836922
-0.9318462640995229,-3.694956978647114
-0.927498815850114,-3.7010106932937603
-0.9232878869188067,-3.7068943370429492
-0.9190736237359842,-3.712795450817682
-0.9147278041255125,-3.7188821073815945
-0.9105072305115898,-3.7247949309525197
-0.9062838482501376,-3.730711911713537
-0.9019314119994297,-3.7368083597987427
-0.89772071199659,-3.7427126109054822
-0.8935320953955824,-3.7485864817590206
-0.8892052969656207,-3.754651022079111
-0.8849917267548071,-3.7605595742220523
-0.8807846435080925,-3.7664673908195776
-0.8764635559571452,-3.772544618757026
-0.8722852464586476,-3.778431606083862
-0.8681122779187908,-3.784337095949602
-0.8638236295720705,-3.790430209741787
-0.8599263378778929,-3.795987296711328
-0.8560828364472723,-3.8014668623121897
-0.8520589711933279,-3.8072187938593034
-0.8481606393033508,-3.8128115488981855
-0.8442548666565965,-3.8184214374878804
-0.8401723589886174,-3.824263187772509
-0.8361824452247185,-3.8299473632254726
-0.8321736806225276,-3.8356234042445596
-0.8279681063598929,-3.841550043322143
-0.8237721971889058,-3.8474547952989946
-0.8195730726996555,-3.8533695159682404
-0.815263763600267,-3.859435941845279
-0.8110735946477705,-3.865338682042144
-0.8068791700174629,-3.871247378471939
-0.8025562652885052,-3.8773392144498264
-0.7983701025480465,-3.8832479363903447
-0.7941904269549691,-3.889168180189882
-0.7898910733940583,-3.8952790963766133
-0.7857135198363553,-3.9012281385052643
-0.7815355764625632,-3.907176070791221
-0.7772445379751467,-3.9132816997825954
-0.7730768242523302,-3.91919318465612
-0.7688812991285549,-3.9251277642924642
-0.7645534149406352,-3.9312359859366888
-0.7603515442408714,-3.9371585590633478
-0.7561408995848692,-3.9430921481732097
-0.7518368764674624,-3.9491658697706353
-0.7476504124318069,-3.955082669871011
-0.7434600645727155,-3.9610015541453523
-0.7391393251322047,-3.967102964746357
-0.7349328218196459,-3.9730349770481044
-0.7307149175776328,-3.9789660897562937
-0.7263588264992283,-3.985073212346418
-0.7221470954649603,-3.990970549383312
-0.7179425619808677,-3.996875398672641
-0.7136334032871064,-4.002928320643152
-0.709431469921262,-4.008835677295326
-0.7052316837379689,-4.0147489131324114
-0.7009154404103529,-4.020845639118586
-0.6967275125768566,-4.026777986366604
-0.6925788618608772,-4.032678962517976
-0.6883115953528877,-4.038782489341896
-0.6841724086851017,-4.044723395871873
-0.6800309861769647,-4.050673882044241
-0.6757642383617617,-4.0568114826985715
-0.6716185933643536,-4.062778350999286
-0.6674701614756284,-4.068747083269585
-0.6631953076272233,-4.0748954556358505
-0.6592081246201409,-4.080642526637328
-0.655271875960403,-4.086346156948768
-0.6512659437120961,-4.092139866770032
-0.6472561416091416,-4.0979226320592215
-0.643116170573805,-4.103870380216345
-0.6388507988003951,-4.110003905353673
-0.63472984351874,-4.11592810657782
-0.6305963616342414,-4.1218699192588035
-0.6263160443738544,-4.128002192171303
-0.622168791845107,-4.133939588047906
-0.6180267200654491,-4.139886051843538
-0.6137635792003567,-4.1460228889129525
-0.609885355837261,-4.15162924946172
-0.6060975219683317,-4.157141153939766
-0.6021229407762276,-4.1629354267444905
-0.5982072410673808,-4.168651964502772
-0.5942641828766186,-4.174380685549346
-0.5901300928365221,-4.18036979926328
-0.5860311258179207,-4.186315002318586
-0.5819315801637033,-4.192289498768095
-0.5777090823950845,-4.198448240029726
-0.573625537512714,-4.204410042233363
-0.5695525873796964,-4.210379061564264
-0.5653816042898657,-4.216538503468672
-0.561352160335494,-4.222534304206015
-0.5574353661024415,-4.228391518946581
-0.5533640760015586,-4.234449524680244
-0.5493042368472231,-4.240469081769963
-0.5452417730944225,-4.246493142283169
-0.5410705735595643,-4.252675617373886
-0.5370300176600648,-4.258648700706399
-0.532958002018955,-4.26465839785968
-0.5287585650116966,-4.270851619298879
-0.524845047375108,-4.276613252199906
-0.5210109973452097,-4.28222115885816
-0.5170297725038562,-4.28802749720155
-0.5132024199511717,-4.293622321970485
-0.5093826787068824,-4.299225393636192
-0.5054545111672659,-4.3050068957677095
-0.5016260314374138,-4.310644127113996
-0.4976619780797691,-4.316454077268003
-0.4934599851238288,-4.322621507594716
-0.4895096553161156,-4.328447705934504
-0.4856580213224748,-4.3341391067461865
-0.4817222160670371,-4.33994144544204
-0.47789201724917446,-4.345572146208577
-0.47391296241025715,-4.351402052737077
-0.46968889294831706,-4.3575574379965625
-0.4655714775233756,-4.363547318328351
-0.4614570001777537,-4.369524272867726
-0.45721881705801753,-4.375664937376243
-0.45325537517939146,-4.381391202392747
-0.449362752391859,-4.386990631127219
-0.4453443008843456,-4.392762411809026
-0.4414363179346084,-4.398365657280748
-0.4373504646410472,-4.404211044993111
-0.433055783545851,-4.4103445444996705
-0.4288881897023295,-4.416297338430296
-0.4247128260645229,-4.422261646085635
-0.42041964795307063,-4.428364386620635
-0.4162248403721236,-4.4343038723854615
-0.41201686848848096,-4.440238010556731
-0.40767250696817914,-4.446342445205134
-0.40345114797901466,-4.452266284281851
-0.39924074109692737,-4.458163137831338
-0.3949002727786499,-4.464243167911041
-0.3906855377305106,-4.470143534218207
-0.386474367948572,-4.476041923567857
-0.38213723915742287,-4.482126286860686
-0.37791331321475985,-4.488050248587494
-0.3736760746687749,-4.493972571750931
-0.36929988086594406,-4.500067751185827
-0.3650272574323718,-4.505991587628048
-0.36075883341592835,-4.511847969496356
-0.35632227498702423,-4.517870178494306
-0.35196514345536506,-4.523725063411221
-0.34760125449845775,-4.529546547988426
-0.34311781673172514,-4.535514270726024
-0.3387798456996396,-4.5412661704361055
-0.33439541735360545,-4.54705561708227
-0.32986046740299724,-4.553013423787087
-0.3254338144685365,-4.558796684361858
-0.3209834425070341,-4.56456986910899
-0.3163737426672314,-4.570506813152136
-0.31187603740653774,-4.576257521924804
-0.30735936359296395,-4.581992627652437
-0.3026870628869179,-4.587885844079109
-0.2981446117361694,-4.593581920147275
-0.2935740573470244,-4.599256210222418
-0.2888224396221489,-4.605086119636028
-0.2841841020144403,-4.610718640995074
-0.2795152724355777,-4.616337866944602
-0.2747163628637874,-4.62207018414923
-0.27002491741661555,-4.6276266109163275
-0.26527666414703727,-4.633178850619966
-0.2603432203885028,-4.6388709664144905
-0.25554253561176143,-4.644351377412594
-0.2507231870972913,-4.649821749437728
-0.24573718205604672,-4.655447840047329
-0.24088080664883782,-4.660896331630419
-0.23600894355139823,-4.666333312214253
-0.23097513817415838,-4.6719187383876095
-0.22609256375993375,-4.6773102091191285
-0.22118867882964327,-4.682679227371911
-0.21608820896973066,-4.688199228280342
-0.2111283389266813,-4.69350318725818
-0.20623989801158898,-4.698680957627204
-0.20135539882179335,-4.70381002326252
-0.196398221757546,-4.708962551930071
-0.19131626060424528,-4.7141962543955005
-0.18605081729848713,-4.719567243921252
-0.18091100525938747,-4.72476022286738
-0.1757242940749853,-4.729941603381596
-0.17033573537599797,-4.735246863261475
-0.16506290718445432,-4.740361872698275
-0.1597517203034715,-4.745437033354485
-0.15424536289058605,-4.7506182614297865
-0.14888050163540872,-4.755589532577307
-0.14353549543035854,-4.760481399344333
-0.1380044460352416,-4.765465774122228
-0.13256950853456645,-4.770314498662499
-0.12712581427124936,-4.775130187204732
-0.12149542540505348,-4.7800779888180385
-0.11599286642223018,-4.784872818465932
-0.11045534326037129,-4.789643223481554
-0.10471699056306766,-4.79452950712979
-0.09937776481938823,-4.799024676798149
-0.09408274594003035,-4.803437183965309
-0.08859843754747813,-4.807955706369624
-0.0832506363343979,-4.812311783852087
-0.07774733534917488,-4.81674767475114
-0.07196885302239081,-4.821362511799104
-0.06636604206979678,-4.825803252997385
-0.06078039318497533,-4.830186660850802
-0.054960446984042434,-4.834709431238408
-0.04920427889006264,-4.839144962529823
-0.04342296003942211,-4.843566833116814
-0.03744411671333479,-4.848103441108276
-0.03161928888980622,-4.8524879748055785
-0.025770340686124868,-4.856854811648878
-0.01972017278767664,-4.861332537477716
-0.013825283075568347,-4.865657173883679
-0.008174503127679277,-4.869764277947463
-0.002421916006395528,-4.873903955472343
0.003300684458340838,-4.877990298140559
0.009060992517283043,-4.88209252394124
0.01501536036110834,-4.88631188531961
0.02090764080514251,-4.890461360153097
0.02678987645696036,-4.894561308323001
0.03290865905190014,-4.898787993589949
0.03890776010338092,-4.9029021084407365
0.04492442020698787,-4.906999597673874
0.051142899567940034,-4.911203532761363
0.05719740302304267,-4.915266750646849
0.06327351831763911,-4.919313656708319
0.06955424312537832,-4.923462512756737
0.07533259416308889,-4.927245403574257
0.081032897300564,-4.930930224979241
0.08698340088623961,-4.934747984382042
0.09273286775255285,-4.938417682095555
0.09856687256580338,-4.94212704676854
0.10474713299973908,-4.9460476074202235
0.11081469895113663,-4.94987892768311
0.11687912444928303,-4.953686475428194
0.12318719730760082,-4.957625528498271
0.12935746324878653,-4.961462918689811
0.13554173410022727,-4.965290261548458
0.14192732758055518,-4.969222574618941
0.14814217274157065,-4.973029260770748
0.15437160629717556,-4.976822521740276
0.16080268208615764,-4.980715105564708
0.16705231243360932,-4.984475722592882
0.1733043405669414,-4.988217914611419
0.17971889524993653,-4.9920358133653515
0.18572366190688164,-4.995591313941428
0.1913324754994838,-4.998881953053008
0.19703043674923051,-5.002206780479035
0.2025611137179202,-5.005423100386062
0.20826326671413722,-5.008710445973497
0.2144417231713399,-5.012207007435161
0.22061265015408163,-5.015629630004386
0.2269295044216523,-5.019092367020177
0.23350408596730265,-5.022685130664886
0.2396318074569028,-5.026018319926326
0.24565341200829238,-5.029269814846325
0.25185641862472746,-5.032615530771902
0.258021304593267,-5.0359408176755815
0.2642135201360117,-5.039299036420431
0.2705918328613173,-5.04276792246697
0.2769169249916811,-5.046217657977763
0.2832706644676977,-5.049694421948229
0.2898111432303002,-5.053287079884106
0.29614340454863036,-5.056775553672109
0.3025087029269717,-5.0602775873313295
0.3090878615280687,-5.063869355284693
0.3154662638950399,-5.067334319839914
0.32185523290373386,-5.07079849203817
0.328445704185528,-5.074364980474698
0.33484885683870375,-5.0778229896944955
0.3412583562616572,-5.081276468823161
0.34786226035168855,-5.084823652790674
0.3542438641383334,-5.088247893676429
0.3606012555271123,-5.091651115589978
0.36720151877810203,-5.095177337757512
0.3735959673753177,-5.098588943444074
0.3799888768260802,-5.102006735195752
0.3865673546544924,-5.105534993280741
0.39293014782206287,-5.108946011587184
0.3993435687266162,-5.112378706230593
0.4059687713626799,-5.115897387922628
0.4124140696047551,-5.1192960072349125
0.41857428695934074,-5.122522376855519
0.4248383001898727,-5.1257867239203865
0.4311696508784388,-5.1290665743115875
0.4376384972634745,-5.132403587205286
0.4443134213510783,-5.135826063160082
0.4507710063542373,-5.139115374502722
0.4572651482900415,-5.142401366907863
0.46397829924871503,-5.145766045052064
0.47021817064811344,-5.148868875082206
0.47635085623461504,-5.15190695895628
0.4826676899046816,-5.155006637566777
0.48880337313161265,-5.157980464246083
0.4950999332311498,-5.161000600115039
0.5017833685722098,-5.164175928915082
0.5079586120484814,-5.1671049811990795
0.514019890974126,-5.169973645014228
0.520384549594945,-5.172978701441964
0.5267632225478909,-5.175986790119527
0.5332495369006499,-5.179057637627019
0.539898322352905,-5.182215964012928
0.5463589406553672,-5.185290832182472
0.552920434145047,-5.188403503254726
0.5596942117415085,-5.191602734790268
0.5662753050530607,-5.194697680845294
0.5726078282727195,-5.19767292789943
0.5790798864261322,-5.200719640318015
0.5855311800516457,-5.203743569402066
0.5921384931576181,-5.206804694373242
0.5989693678083394,-5.209938926404425
0.6056151560199486,-5.212956927193062
0.6119664725915879,-5.215810898106034
0.6184177015551048,-5.2186769742701244
0.6246887030665944,-5.221447547228048
0.6309399482513786,-5.224215370267279
0.6374200112763153,-5.22709532657344
0.6436573949244804,-5.2298786289553405
0.64996453490315,-5.232727715100279
0.6567314207306066,-5.2358083679580805
0.6633294239869858,-5.238818526326447
0.6697595057691963,-5.241766886036027
0.6763013145124519,-5.244779632193838
0.6827954805093857,-5.247769831166366
0.6894207155814003,-5.250796469782377
0.6962592659132847,-5.253897820021372
0.7029081107136975,-5.256889552995469
0.709322795253453,-5.259753596708845
0.7157883441631613,-5.2626146145696895
0.7220435988222881,-5.265362781469419
0.7283286320680921,-5.268113965467565
0.7347687186428045,-5.270952593283774
0.7412074022447444,-5.273796681521508
0.7478656044015305,-5.276721463511415
0.7547545336360585,-5.279718027187268
0.7614569083169984,-5.282603910446971
0.7681695977461783,-5.285464302674838
0.775078390026598,-5.288366536773357
0.7817487726917292,-5.291140739975871
0.7884641087576251,-5.293923865033643
0.7953883317541157,-5.296785398744896
0.8018291146647862,-5.299438799549489
0.8081539394443934,-5.302031708439713
0.8146492744670579,-5.3046928012957295
0.8210071500933198,-5.3073013543190495
0.8274532463355659,-5.309958721606713
0.8342923841292885,-5.312774886194694
0.8410307201321939,-5.315532674930183
0.8477810143404761,-5.3182732346336
0.8547465294097389,-5.321078043511256
0.8615161324165008,-5.323783172558755
0.8682843974789591,-5.32646399227049
0.8752613043079824,-5.329196633233372
0.8820557782469484,-5.331831668486361
0.8888709751803797,-5.334445897379356
0.8959030617308237,-5.337109363874463
0.9027441531934555,-5.339663510536687
0.9095853692812248,-5.342178355709541
0.9166266375239254,-5.344722844254163
0.9235004402869751,-5.347166131391941
0.9303903078295341,-5.349574871607078
0.9375067914184136,-5.352020857388823
0.9444324473078023,-5.35436031967207
0.9513751889796758,-5.356664470933856
0.958543402805595,-5.35900035567573
0.965513234713242,-5.361230327904196
0.9722366434781219,-5.363354188799237
0.9791328564677955,-5.365530132824071
0.9860538054838054,-5.3677047646817
0.9929869885693103,-5.369875183941496
1.0001254280506624,-5.372103707984688
1.0069935210359577,-5.3742450840973595
1.0138670209342129,-5.3763804477038875
1.0210111829629769,-5.3785895534715635
1.0279524571411576,-5.380723876767255
1.0349027980114782,-5.382850969422855
1.0420725787683975,-5.385034173567909
1.0490503938619138,-5.387144063852069
1.0560379875616868,-5.389236496453934
1.0632443678130583,-5.391372551407657
1.0702076659497153,-5.393422661195225
1.0771613818306198,-5.395452336097418
1.084359709509914,-5.3975394768845275
1.091345196134309,-5.399550916092992
1.0981289264232743,-5.40149181699251
1.1049845208277855,-5.4034285860677835
1.111548980351504,-5.405269127541182
1.1181159851967004,-5.407097952445229
1.1249148723899398,-5.408966463641213
1.1313907588319678,-5.410738372461954
1.1377845490981378,-5.412519483887923
1.1448279357670696,-5.41449403818077
1.1518652042559632,-5.416444334082837
1.158916967949736,-5.418368526024562
1.1661922739689228,-5.420319039182382
1.1732558349504227,-5.422182941194003
1.1801334666696364,-5.423972691596587
1.1872302613059316,-5.4258220922766895
1.1940586394499821,-5.42760896102918
1.200658786371407,-5.429338277094634
1.2073933526316323,-5.431116047703368
1.2140010710317533,-5.4328772113683135
1.2207374804136857,-5.434696680616395
1.2278946529751507,-5.436638502287151
1.2349007698736778,-5.4385361376052765
1.2419259401836473,-5.440430403505078
1.2491749624457016,-5.442369428321272
1.2562297843277166,-5.444237144177648
1.263293240166155,-5.4460821192738
1.2705767776214585,-5.447961980824999
1.27769197294293,-5.449766431519935
1.284778104438759,-5.451519480004508
1.29209563264869,-5.453287528258124
1.2991930305652477,-5.45496285277655
1.306249035330025,-5.456596345214152
1.313542512195616,-5.4582500878002955
1.3206475021125654,-5.4598281986479416
1.3277622309973707,-5.461381726377814
1.3351040883086196,-5.462955778544134
1.342241801188883,-5.4644579818339265
1.3493921728137508,-5.465934593119946
1.3567711555956918,-5.467427918937303
1.3639427716626797,-5.468849318252098
1.3711227510294972,-5.470241663459146
1.3785239951255972,-5.471646199064225
1.3856926117592487,-5.4729719933805505
1.392867329112024,-5.474264188559369
1.4002431685203363,-5.475562822727774
1.4072355166006343,-5.476757155408886
1.413996738921274,-5.477886983866814
1.420959202361694,-5.479021117765578
1.4276423234490052,-5.480095732891301
1.4342454636862534,-5.481186316494527
1.4414704020319717,-5.4823879190737115
1.4486513049901915,-5.483566831926855
1.4558389505445612,-5.484736122587067
1.4632515799540393,-5.48593085476368
1.470452620904797,-5.487080143989927
1.4776564748425705,-5.488216601752153
1.4850757104283383,-5.489374773156675
1.4922582943888332,-5.490482000165312
1.4994394631853845,-5.49157672711689
1.5067968942253045,-5.492690161106398
1.5139175843665063,-5.4937596825305794
1.5210934074939764,-5.494826806391825
1.5284929633368807,-5.495913429506476
1.5353578689062395,-5.496912829949028
1.5420937213813526,-5.4979017878992185
1.5490384696474495,-5.498931617967204
1.5557833897243027,-5.499941736804642
1.5623414798740942,-5.500948629749742
1.569008303352432,-5.502044010581249
1.57593492565689,-5.5032264872643
1.5831129104133261,-5.504458833983625
1.5904935810494125,-5.505725666870124
1.5976513300255712,-5.5069509410980615
1.6047935350081195,-5.508171095822206
1.612100376715508,-5.509420459945159
1.6192159139270679,-5.510638025736269
1.6263369690409228,-5.511862416991806
1.6336709810072878,-5.513142009038147
1.6403793480591806,-5.514330450406344
1.6469470699578703,-5.5155231836442695
1.6538456517739328,-5.516796325090548
1.6603166874168926,-5.51802019575823
1.6667190477106308,-5.5193019082854065
1.6738343469607804,-5.520780121359634
1.6809513139565153,-5.522271766275534
1.6880457295755094,-5.523761739088789
1.6953655147671978,-5.525299965005115
1.702468324418181,-5.526792756582512
1.7095573592993774,-5.528283419397832
1.7168101391020447,-5.5298109778127165
1.7238716117028292,-5.531301707371806
1.730939328784444,-5.532802455213306
1.738216448597478,-5.534368950335757
1.7452802534284173,-5.53591003574581
1.7523704614558742,-5.537468534303398
1.7596895435099218,-5.539072281164996
1.7667994879339917,-5.540624989572257
1.7739128325019549,-5.542173135984866
1.7812432209515545,-5.543763506742628
1.7881318384389626,-5.545263990406298
1.7949992722168209,-5.5467881881561825
1.80225713251823,-5.548430543877577
1.8091077637182993,-5.5500109722142374
1.8157196622958474,-5.551563803347765
1.8224482661587966,-5.55317360058598
1.8289797807087793,-5.554768666314233
1.8355336450021014,-5.556411583366756
1.8421874761202999,-5.558156024730435
1.8484314334259262,-5.5598543785551175
1.854506883391366,-5.561574066625883
1.8611312303984289,-5.563498935983861
1.8672323630014578,-5.565302389266914
1.8731246195496989,-5.567086917790048
1.879272228165239,-5.5689761408807605
1.884968878190109,-5.570749073560208
1.8907560415789308,-5.572605117821247
1.8972771902255037,-5.5747516790804275
1.9040493111672947,-5.57702126511931
1.9106701678795122,-5.579262957101925
1.917272708693149,-5.581519270153763
1.9237274217677784,-5.583748977021563
1.9301575862130822,-5.585997194914123
1.936832006696194,-5.588357823105322
1.9434762180893228,-5.590723414872006
1.9502946515126212,-5.593155245040985
1.957329048008955,-5.595671011369867
1.9641329349739611,-5.598118483988367
1.9709316675414934,-5.600589461733234
1.9779150290876415,-5.603145222800209
1.984700103537879,-5.605650413806976
1.9914869472767887,-5.608173700384945
1.9984788267724543,-5.610789445498283
2.0049053125221756,-5.61320750035988
2.011242992667358,-5.6156015853789825
2.0178132603922534,-5.618094633948665
2.0243315439923286,-5.620591460634775
2.030854658489962,-5.623135941759423
2.0376194936020444,-5.625820915604994
2.044301776926829,-5.6285081465260784
2.05097056679542,-5.63122593189452
2.0578243381025056,-5.634068689580318
2.064447893097411,-5.636864292901971
2.070697444097152,-5.639546874177945
2.0764040288664263,-5.642076618122184
2.082034743089051,-5.644673920933678
2.0881696992831094,-5.647588333505785
2.0948533945556664,-5.650813880034517
2.1013505182586942,-5.653981453931047
2.107836364334859,-5.657180976368425
2.114503642874854,-5.6605095961109715
2.1209651701042502,-5.663770907849939
2.127401684750193,-5.667053123816396
2.1339725796124966,-5.670440340057465
2.1403688766794797,-5.6737754237068145
2.1465445424524505,-5.677034635560892
2.152841986047696,-5.680406146152187
2.159165921036464,-5.683809761085958
2.16534110360231,-5.687141861244335
2.1716524207666557,-5.690609786141964
2.177541089099613,-5.6938923730512325
2.183294896522339,-5.6971509842949155
2.189342248487413,-5.700616622042215
2.1952008211307628,-5.704009150920248
2.2010052042897015,-5.707419495366259
2.2070471988767633,-5.7110628204291025
2.2130886934968528,-5.714777702219969
2.2190041941299925,-5.718466688543226
2.224939030408766,-5.722204361885206
2.2306049140992323,-5.725822426963244
2.2362097825037393,-5.729468637256174
2.24215203353017,-5.733384970197384
2.247754554155052,-5.737121397174482
2.2532438024840915,-5.740842355917231
2.258959185029584,-5.744772262456607
2.2644276340410534,-5.748598897765125
2.2700614662049863,-5.752647078938985
2.276047077000195,-5.757027155906723
2.2818291078373365,-5.761325352175385
2.2872427472952888,-5.765414034928697
2.2926925539435183,-5.769606602172239
2.298040502537236,-5.77378106880068
2.303279273350349,-5.777935466847437
2.3086187033338077,-5.782269460815508
2.3136890338641223,-5.786477780821935
2.3186256264859986,-5.790649605903654
2.3237036173823893,-5.795020845200267
2.3287055108248667,-5.799391900808696
2.3337395848770086,-5.803845333636298
2.3389080884109323,-5.808462938685508
2.3438534604781807,-5.81294464699727
2.3488872651875745,-5.817620556256866
2.354280864327096,-5.822712468671605
2.3594941022176927,-5.827697034856738
2.3646951864234564,-5.832725468065447
2.370032536477835,-5.837931016335317
2.375153048457439,-5.842976610755426
2.3802229860566557,-5.848034209900362
2.3854274293704263,-5.853285103923628
2.390462587094339,-5.858429098684827
2.3954700943034837,-5.863625644734469
2.400550935241365,-5.8689896450306165
2.4052098426475674,-5.874000715017191
2.409742802150282,-5.878956174760376
2.414375666886875,-5.884116991924284
2.4188286402033095,-5.889170583360834
2.423195514633447,-5.894234847195619
2.4278137122572394,-5.89974688199996
2.4321734922530522,-5.905075743790953
2.43655702382467,-5.91054074555883
2.441115603948919,-5.916295014014614
2.445540254724836,-5.921929900173106
2.4499729557790304,-5.927624635003048
2.4545150470638855,-5.933516888259752
2.4588965384423753,-5.9392570635933
2.4631012533078547,-5.944813709927072
2.4673142608566527,-5.950427971481544
2.471352401852536,-5.955857814495044
2.475349858190996,-5.961304967709669
2.4794242177658434,-5.96694458179994
2.4831171207280116,-5.972136142216757
2.4866866054113377,-5.9772306524985614
2.4903537616605744,-5.982549002526465
2.493951409888869,-5.987845395072233
2.4976369610463403,-5.993337413828318
2.5014884656791474,-5.9990871421130345
2.505285230440437,-6.004772474174409
2.5090214973890856,-6.01041155880017
2.512827948716523,-6.016229382711342
2.51649329702779,-6.021900683989674
2.5202852603726935,-6.027844755039113
2.524233472258467,-6.034131627834537
2.5280105297333098,-6.040241877598798
2.5317528972525363,-6.046369528224293
2.535578002564411,-6.052706962451787
2.5391434632280783,-6.058682845721612
2.5425707155797332,-6.064497948041786
2.546057466440441,-6.070508599014501
2.54938767076452,-6.07632098656244
2.552620324835115,-6.08205068338541
2.5560683356661946,-6.088285864904331
2.559509724407294,-6.094605754674214
2.5629149154085877,-6.100953575303697
2.566385518137493,-6.107521201001816
2.5697159910741205,-6.113920866513428
2.573008531058158,-6.120345599068151
2.5763596552125017,-6.126988608739927
2.5795703264434753,-6.133455146648973
2.582732904710746,-6.139935115170444
2.585933199122357,-6.14659857710951
2.589001314078163,-6.153101623906171
2.592001863408872,-6.159567840410721
2.5950546746348517,-6.16624916684548
2.5979977595486377,-6.172799107190533
2.600902434938462,-6.179377551233828
2.6038564002752014,-6.186179222196687
2.6067019312089683,-6.192821086703615
2.6095322204381763,-6.1994816501885
2.6124299471454884,-6.206358632658691
2.615223301373018,-6.213045730976773
2.6179974412784075,-6.219745871276218
2.6208346782132925,-6.226659590043927
2.623566506335967,-6.233376743708319
2.62627331935523,-6.240101886871102
2.6290153047688665,-6.246986890530067
2.631640238107358,-6.25364484747249
2.6342358104351886,-6.260292299884353
2.636890268854889,-6.267205910129467
2.6394280097191896,-6.273934824592033
2.6419268841436083,-6.280682413372598
2.6444603503469066,-6.2876562288979745
2.646879400327717,-6.29444592261298
2.649260570163878,-6.301257825967454
2.6516745742586383,-6.308296471812032
2.6539666772812587,-6.315130333729426
2.6562036251717767,-6.321984079533502
2.6584492789821663,-6.329061486393353
2.6605223544340904,-6.335800005185777
2.6624895034875453,-6.342386453718052
2.6644228162071126,-6.349081495529709
2.6662389843248784,-6.3555529441002045
2.667997049287819,-6.362037022410211
2.6697910718579623,-6.36894455837855
2.671533733210925,-6.375901385166489
2.6732299406241373,-6.382886567184305
2.6749273171945593,-6.390102106125431
2.676525927202099,-6.397123031144966
2.678079787810474,-6.404166113358341
2.679635763117266,-6.411438120104077
2.6811014997954343,-6.418507349935155
2.68252377147875,-6.425582783039198
2.6839369243969697,-6.4328393012153136
2.6852710029937015,-6.4398758930525535
2.6865780139083077,-6.446968951790475
2.687881636597255,-6.454286401776096
2.68910744982501,-6.461362670672324
2.6902954727419948,-6.468462696607858
2.6914794869737597,-6.475783049260659
2.6925291896782375,-6.4825031026841335
2.693523630614679,-6.489132041538249
2.6945241696289584,-6.496043417027629
2.6954987028032087,-6.503022002757979
2.696451756026006,-6.510167006953819
2.6973818450758755,-6.517533280149132
2.69823013928841,-6.524674599604094
2.6990361200887287,-6.531796019848228
2.699830528181513,-6.5391707491465505
2.7005615965518706,-6.54634462392802
2.7012530096545886,-6.553525734603925
2.70192153583905,-6.5609300798129135
2.702531989020856,-6.568098925805496
2.7031049718648106,-6.575276290346944
2.7036570971650664,-6.582676974918644
2.704155103583833,-6.5898674515197415
2.704616269612959,-6.5970643298602525
2.7050530587989146,-6.60448574466492
2.705439647310945,-6.611691941256182
2.7057891706582673,-6.618900910706451
2.706118330697018,-6.626279931371721
2.706413566544677,-6.633451723315455
2.7066670483114943,-6.64027713189901
2.7068851866321317,-6.647123063382871
2.707075497417587,-6.654101522355699
2.7072480004970645,-6.661345675038394
2.7073983333933014,-6.66880839923478
2.70752178491737,-6.676054871386143
2.7076230350598176,-6.683269356100063
2.707704035150459,-6.690715624002044
2.707760750712095,-6.697944017641467
2.7077976687144485,-6.705180646488986
2.707818590087204,-6.712636537673938
2.707818985898943,-6.7198657924642795
2.7078104514340873,-6.727049597934139
2.7077931808898934,-6.734472481452681
2.707764870554627,-6.741714489906772
2.7077266443901182,-6.748965967092204
2.7076803576948536,-6.756442587421927
2.7076272002569706,-6.763702192915557
2.7075604089809557,-6.770962415115156
2.7074821412421843,-6.7784481212089345
2.7074087893997008,-6.785614363030823
2.7073407612820084,-6.7928321255198085
2.707285160668874,-6.800325141374892
2.7072472523306303,-6.807602852724891
2.7072170369031814,-6.814589092429102
2.7071743750876287,-6.821700034452484
2.707141171652982,-6.8286124977144755
2.7071223365858614,-6.8354564977396794
2.7071220236937323,-6.842510263191148
2.7071420546881297,-6.8496369467669895
2.707180153051292,-6.856920918783057
2.7072348167291427,-6.8644264117305145
2.707302114589441,-6.871706531021359
2.707380268689701,-6.878975202932644
2.707466638836071,-6.886430034482854
2.707562174336228,-6.893697783277624
2.707669568942891,-6.900961828596872
2.7077899116402655,-6.908451384790779
2.707916855985823,-6.915722368126
2.708054302889855,-6.922992524297901
2.708203640720406,-6.930467978892367
2.7083670338129404,-6.937688379204228
2.7085486432852397,-6.944936474928462
2.708748529878501,-6.952426055835038
2.7089529038768627,-6.959696542305439
2.709164762089998,-6.9669690886402575
2.7093903515150117,-6.974460065948793
2.709610755316086,-6.9817321857041685
2.70984416652206,-6.988959567495787
2.7101042002836824,-6.996450900811552
2.7103790894952287,-7.003725167594084
2.710675574634902,-7.0110043692338335
2.7110049899862423,-7.018506613575644
2.7113463546186174,-7.025783996520799
2.711705024371436,-7.033056771180569
2.7120969078318495,-7.040505775713014
2.712505069849941,-7.0477218902156205
2.712921145734252,-7.054664939061793
2.713359243944491,-7.061712257496521
2.7138195571092725,-7.068795521863499
2.7143089493970898,-7.076063558730963
2.714826701331968,-7.083547092923309
2.7153490586525826,-7.090794170327617
2.715870765718933,-7.09781503399543
2.7164085412855297,-7.104834701699686
2.716943702549367,-7.11165441290034
2.7175138805158383,-7.1187421040575645
2.718127263310877,-7.126216606056686
2.7187346906493506,-7.133469369436757
2.7193237578258085,-7.140462605274516
2.719918089205599,-7.147553958938356
2.7204975751134186,-7.1543537677041
2.7211055341406523,-7.161350060453604
2.7217677107240346,-7.168788391067647
2.722416552665893,-7.17602434576915
2.7230632534023065,-7.183260969684927
2.723730781479284,-7.190706674681748
2.7243604756442217,-7.197703683421793
2.724975614438343,-7.204490972342762
2.725607273779434,-7.211487432826714
2.726245123750471,-7.218569419370668
2.7268920676542603,-7.22579776043951
2.727553908515557,-7.233246674909999
2.7281616878600685,-7.240210459507499
2.728744643724142,-7.247043550706436
2.729336771876993,-7.2540405831681465
2.729929193980702,-7.261063090662162
2.730553448553768,-7.2682874993678475
2.7312040394930035,-7.275750376493028
2.731840219382998,-7.2829909493507206
2.7324689229078607,-7.290094707802186
2.7331323818837716,-7.297300482073422
2.733764478393616,-7.303983348529764
2.734378990286507,-7.3103646321670865
2.735010075043962,-7.31691683536671
2.735657128350349,-7.323609526801844
2.736357615251476,-7.3307704218068155
2.7370875117039657,-7.338217875446081
2.7377927319711164,-7.3454437221006055
2.738498296358434,-7.352625871499162
2.7392331502580083,-7.360019168651886
2.7399581228840884,-7.367244823238518
2.7406594618529465,-7.3741880623364215
2.741387065713122,-7.381207449782698
2.74210850338806,-7.388018567136931
2.7428430000278694,-7.394724991781214
2.7436174158593274,-7.40152591993469
2.744357693082952,-7.4078657355005255
2.745103424706282,-7.4141600694121745
2.7458820575752747,-7.420649301284432
2.7466785642917975,-7.427207031841374
2.747440233076658,-7.433502791713322
2.7481646488018834,-7.439546018013265
2.7488600507655643,-7.445291041867652
2.749563028211144,-7.451029856464117
2.750293604616849,-7.456897612647783
2.7509789648946326,-7.462307657759711
2.751644235115561,-7.467490957635249
2.752340039249565,-7.472830045245833
2.7529866945000436,-7.477719875455554
2.7535982287759047,-7.482273855373519
2.7542239671338966,-7.486927923035016
2.754812157857859,-7.491305618476186
2.7554020041484146,-7.495630091483342
2.7560174442035685,-7.50008590189505
2.7566210698959437,-7.504424122024217
2.7572259134637704,-7.5087134976765695
2.7578557666892336,-7.5131308980226645
2.7584371562928576,-7.517172530867805
2.758976353347865,-7.520912869301457
2.759532623704115,-7.524727308194268
2.7600789531709498,-7.528431418951328
2.760669244897175,-7.532391281656072
2.7613091841150172,-7.536691562668261
2.7619238932662307,-7.540870916376662
2.762484867613094,-7.544746044502941
2.7630284324982797,-7.5485277932921075
2.763584945541907,-7.552352925414293
2.764166013286191,-7.5562718869878776
2.764776002345011,-7.560270886490586
2.7653833990404353,-7.564129165253645
2.766014237766915,-7.568008654953559
2.7666960562591383,-7.57208655701229
2.7673934739739177,-7.576175058141845
2.768098895348678,-7.580306075968683
2.768811748955162,-7.584565646284128
2.769443122668511,-7.588418052145614
2.7700477853365566,-7.5920908460028365
2.77066835465142,-7.59588872038746
2.7712498804114696,-7.59949261908837
2.771857871514096,-7.603301581624618
2.7725028716311972,-7.607449610585106
2.773066252489157,-7.611161462257943
2.773592630264978,-7.614628500128536
2.774135880079845,-7.618285940653119
2.774589227849883,-7.621403132690207
2.774914178241447,-7.623663979558316
2.7751179208528938,-7.625086139138623
2.7751893880075835,-7.6255861956434225
2.775200529406498,-7.625668465168859
2.7752041520010358,-7.625728785022388
2.775208483759016,-7.625800679490742
2.775251283895435,-7.626033817594759
2.775349432418343,-7.626436790219453
2.7754633174175734,-7.626823069040871
2.775594851130259,-7.627204628955591
2.775748639296538,-7.627591956221258
2.7759154176277527,-7.627961429365705
2.7760991938118345,-7.628323717542981
2.776306013191991,-7.628688624581658
2.776523383007474,-7.629033883719039
2.776756803580938,-7.629369542624888
2.777013780925362,-7.6297044635948685
2.7772088924864957,-7.629943348835509
2.7772820673743697,-7.630033113601298
2.7772263792222827,-7.629986682440154
2.777062806675198,-7.629831206126101
2.777019773023299,-7.62978717281044
2.7770237127849167,-7.629791630239403
2.7770278440923644,-7.629795655731532
2.777032052308294,-7.6297997383634995
2.7770364643321943,-7.629804001222326
2.777040815774891,-7.629808189772035
2.7770452313778566,-7.629812425266327
2.7770498437555537,-7.629816835240266
2.7770543778213206,-7.6298211574113255
2.7770589649695228,-7.629825518358803
2.777063743501072,-7.629830049056856
2.7770684293067736,-7.629834480675035
2.777073159254254,-7.629838943951496
2.7770780754621733,-7.629843573695183
2.7770828858037504,-7.629848096043756
2.777087731698947,-7.6298526464022665
2.777092759886475,-7.629857362597304
2.777097673047775,-7.629861965813663
2.7771026170978685,-7.6298665931222365
2.7771077416138086,-7.6298713850444395
2.777112743701329,-7.629876059174798
2.777117772483516,-7.6298807549977345
2.7771229806563995,-7.629885615004333
2.7771280610589653,-7.629890352433908
2.777133165738034,-7.629895109111369
2.77713844973525,-7.629900029375545
2.7771436013610185,-7.629904823210107
2.7771487748381025,-7.629909634704872
2.77715412728197,-7.629914609835115
